100
4 36 30 40 20 8 16
3 10 20 30 6 8
3 10 20 30 8 10
10 1 2 3 4 5 6 7 8 9 10 9 9
10 1 2 3 4 5 6 7 8 9 10 100 100
10 1 2 3 4 5 6 7 8 9 10 1 2
10 1 2 3 4 5 6 7 8 9 10 2 2
10 1 2 3 4 5 6 7 8 9 10 1 1
2 5 8 2 3
2 8 5 2 3
2 5 8 3 3
2 8 5 3 3
4 20 30 36 40 8 16
4 30 40 20 36 6 20
4 30 40 20 36 6 19
8 3 19 27 34 55 82 73 41 7 18
8 3 19 27 34 55 82 73 41 6 18
8 3 19 27 34 55 82 73 41 7 17
8 3 19 27 34 55 82 73 41 17 17
8 3 19 27 34 55 82 73 41 18 17
8 3 19 27 34 55 82 73 41 26 32
8 3 19 27 34 55 82 73 41 36 48
8 3 19 27 34 55 82 73 41 30 32
8 3 19 27 34 55 82 73 41 30 40
8 3 19 27 34 55 82 73 41 33 45
9 94 92 70 57 89 52 75 16 22 21 2
7 32 10 45 20 48 90 63 11 61
7 98 85 75 61 35 76 60 13 39
9 57 15 26 5 13 98 46 37 20 40 74
6 22 9 3 49 26 76 37 1
9 52 58 68 96 45 81 74 43 54 41 18
8 33 81 76 100 62 89 86 61 16 16
6 46 62 16 80 87 83 29 35
6 21 65 57 97 61 5 68 1
8 56 70 13 23 22 84 24 90 70 9
8 61 60 21 46 66 69 57 52 17 1
7 14 18 94 64 68 36 81 1 36
10 10 60 15 14 16 71 8 12 20 58 31 53
8 97 44 31 100 70 45 78 12 60 1
5 61 74 26 19 46 51 42
10 55 18 19 62 57 66 16 92 76 27 11 20
9 95 31 57 9 61 85 7 92 26 73 6
5 26 98 12 58 9 80 89
9 21 62 31 60 40 86 93 54 78 48 65
6 88 68 71 57 45 75 6 10
10 49 59 39 22 40 67 34 31 2 100 97 43
8 96 51 52 35 82 49 20 29 19 42
5 4 90 30 25 3 14 22
10 30 90 52 50 65 35 8 40 46 79 28 1
9 94 85 48 80 51 84 40 43 8 40 61
7 10 81 40 82 56 17 8 37 67
8 20 91 80 52 9 66 10 72 13 54
7 57 83 37 91 20 100 61 2 28
9 100 17 43 44 75 39 86 56 7 32 16
7 30 4 17 58 72 40 48 56 51
9 25 67 23 75 37 2 97 7 8 66 49
8 86 28 49 54 74 18 33 98 16 47
10 98 32 6 22 49 70 72 74 26 55 82 24
6 17 31 84 98 46 21 36 71
8 88 87 25 43 65 92 28 75 64 18
6 14 23 42 94 29 64 50 16
9 91 45 78 9 26 21 4 23 41 67 44
6 46 45 19 68 12 44 48 42
5 27 10 7 34 67 58 22
5 56 24 80 47 11 63 3
7 22 55 83 38 28 42 52 35 29
6 97 50 89 53 10 77 72 6
5 97 78 57 84 10 1 69
10 60 91 76 17 73 99 93 96 49 38 29 50
10 89 58 2 27 12 43 31 71 32 55 74 23
9 39 73 8 97 91 38 43 93 10 15 76
10 46 1 84 17 12 8 55 97 24 73 37 68
10 43 29 81 61 63 13 19 65 31 21 36 27
5 52 94 65 67 66 17 9
10 90 26 37 84 87 78 27 82 35 44 33 58
8 69 81 88 91 71 14 6 64 28 66
8 72 26 70 64 63 43 62 20 13 49
9 26 89 70 99 24 60 21 36 49 70 46
9 41 83 33 94 80 56 64 99 46 10 36
10 43 99 26 2 24 34 1 83 94 62 74 96
6 57 20 6 3 18 78 63 53
5 63 54 36 74 52 17 12
10 28 82 83 34 69 72 15 94 70 90 42 14
10 73 3 36 37 58 45 35 70 94 53 37 10
10 6 45 54 14 52 10 76 81 30 9 75 2
10 32 40 20 3 69 34 31 49 90 64 32 74
7 78 19 80 47 25 21 99 68 34
6 98 83 73 20 2 15 75 91
8 21 60 38 66 69 70 96 94 48 18
5 82 6 5 46 52 66 30
7 80 100 57 96 32 43 33 45 43
10 59 34 52 44 83 4 93 11 42 97 31 7
10 39 51 73 28 45 65 21 31 79 42 19 41
10 28 1 23 13 54 10 18 61 8 79 46 28
8 1 19 30 34 43 93 18 7 73 57
7 30 18 61 38 74 53 22 56 52
7 80 19 18 64 81 45 59 22 50
7 22 16 51 87 13 56 95 29 73
7 70 5 50 48 90 37 7 23 83
7 7 80 54 88 40 49 59 9 35
