100
3
100 25
50 8
100 10
2
1000 100
2000 95
1
10000 28
1
10000 29
1
10000 30
1
10000 31
100
6612 99
6116 73
6720 96
6939 11
8747 62
9622 55
9712 13
6322 12
8106 70
6235 47
8063 20
6699 14
8965 74
9030 92
7917 35
8268 82
6104 100
7584 100
7443 44
7550 40
5122 14
6917 20
7562 1
6830 59
7074 88
9611 45
9054 6
9595 44
9944 67
6056 12
7511 74
6592 15
6196 84
5603 59
9238 53
9786 96
7965 79
5736 97
9809 70
6958 19
5503 56
7204 61
9219 82
8813 20
6086 12
8684 83
9856 100
8655 84
9072 48
5546 81
8725 58
9003 33
7453 45
9370 22
8496 22
6280 61
6921 86
9935 14
9369 22
9266 50
6636 96
5174 68
7174 1
8073 67
7273 44
9496 46
6065 80
5439 29
8845 64
9518 68
9184 62
5163 74
6007 57
9891 60
7820 11
5713 50
5564 91
7493 67
5976 86
8389 16
8492 73
7055 34
8433 91
8975 1
6016 36
8280 62
8815 4
5327 89
6348 99
7419 88
7704 71
7036 15
5498 33
9366 84
6781 70
8018 17
7889 29
9896 22
7421 34
9183 13
100
8394 65
8884 8
5079 24
6901 20
7753 95
8559 84
8710 6
6751 62
7313 22
5944 84
8697 30
9071 52
7359 58
7930 93
5133 9
9016 12
6431 7
8542 90
8935 25
5620 9
7547 93
9274 43
7600 51
6796 43
5730 18
6388 26
6332 78
6488 98
5798 2
8889 59
9539 49
5652 80
6574 94
5816 69
9796 16
8131 2
6769 97
8845 10
9257 59
7479 34
7968 61
8813 58
9190 53
8749 47
5222 3
8330 36
5543 57
6913 23
6719 94
5121 28
6855 100
9720 95
6200 99
7350 38
9305 37
6890 11
7205 16
5852 81
7629 15
8470 11
7796 11
7294 37
5672 11
8748 66
6930 63
5719 91
6289 38
5919 50
6100 47
8494 88
7173 62
9597 77
8671 37
9905 82
9793 17
9252 9
7608 88
8107 17
6038 92
6677 61
5641 9
7854 54
7990 85
7295 5
6117 61
9225 56
8446 97
8967 49
7926 97
9386 5
6274 99
9686 34
7612 64
8921 32
7346 50
9071 3
5355 60
7629 90
6226 46
5060 5
100
7811 29
8527 36
9608 59
7250 31
9813 96
6548 6
9150 12
7432 54
5101 1
8016 11
6951 61
6748 22
9599 53
6303 54
8309 77
7928 34
5812 47
8340 38
5121 60
6227 95
7659 82
8259 14
6884 53
9783 93
9318 53
8718 73
5183 84
7474 12
8600 14
7986 74
7274 8
9018 88
6181 51
9913 93
8088 43
5625 12
6277 4
7984 52
9366 41
9963 39
6407 82
9477 78
7730 28
9818 62
9279 56
5912 83
6288 34
5954 50
9921 22
7969 13
6635 40
7861 88
7845 8
6434 4
7625 52
8402 95
9629 67
8392 59
6096 28
6151 59
9389 35
7198 100
7510 37
8654 37
9115 10
8793 95
8203 24
5889 33
9723 55
8491 87
5633 32
7113 98
8793 27
6373 86
5309 73
6202 81
8249 64
7276 89
5796 13
5381 85
6705 16
6528 18
6422 51
7465 99
7775 94
9126 80
8313 39
5481 76
8421 88
6680 29
8179 30
5490 38
5868 69
7054 15
6783 67
7590 10
9980 88
9516 98
6661 100
8610 16
100
8237 63
5611 99
9332 97
7719 45
5555 57
8463 40
7901 36
7730 87
6719 44
5931 44
5246 59
5330 96
8887 39
6792 79
5765 99
6548 14
8906 24
9149 88
6643 39
7070 12
8158 82
7842 69
9589 42
9140 48
7315 55
7885 34
8582 68
8051 90
9606 7
7324 78
6149 9
6924 3
9973 91
6165 96
8573 12
7026 94
7057 95
9532 82
7777 53
8577 96
9970 12
8411 5
5998 15
9357 29
6400 21
6717 74
9501 18
8885 17
5448 53
9126 26
6880 57
5889 87
7293 68
7526 98
7514 84
7645 48
8411 1
6143 11
6221 99
6813 69
5250 34
6211 39
6030 17
5209 84
7207 7
8873 18
8085 17
6830 87
8785 60
5211 10
5659 12
9747 37
9996 56
9488 58
6333 89
8770 50
8494 100
8488 86
7141 35
6901 62
8510 60
5718 52
8634 13
9263 78
6807 29
6433 96
8407 45
8691 12
5123 71
7159 45
7594 88
6226 23
8526 61
6441 78
8983 95
8944 73
7864 55
8251 49
9935 57
6968 71
100
9081 74
6725 30
9852 26
9731 8
9861 80
6116 13
5449 89
9846 41
9797 39
8410 79
7224 34
8564 82
8039 18
9711 68
5292 60
7896 51
6494 63
9830 32
7884 63
8611 8
9149 89
8313 16
9240 19
9225 29
9190 100
5626 65
6865 87
7025 33
5162 23
7072 14
6282 6
9517 22
5085 72
6585 60
6560 54
8400 75
5176 68
8741 68
9138 15
5441 8
6480 30
8406 97
8267 3
6229 30
7897 32
8128 49
8395 53
5168 24
5144 65
9515 44
9605 60
8987 22
5574 48
6534 29
7453 36
6283 9
5201 27
8792 94
5582 61
9939 16
9733 96
7376 55
5700 46
5458 92
6480 91
6747 23
5388 51
7073 45
9055 41
5406 77
5552 19
8906 38
7838 1
9223 48
9048 62
5655 64
9929 87
8384 51
7837 31
8451 32
6661 60
6970 57
7710 43
8753 71
9015 38
9446 6
5995 4
8307 16
7861 50
8094 84
8912 94
7237 58
5961 96
8858 62
6099 56
9479 46
5419 53
9141 95
7196 31
6473 30
100
5269 49
8662 3
9869 69
8576 43
8462 85
7856 28
5156 96
7385 70
8859 53
7096 83
6760 28
7804 66
8890 98
6271 40
5113 60
9018 8
6869 25
6841 77
5084 81
6133 71
9324 81
8056 2
5823 60
9358 99
7748 61
7767 74
8165 20
7556 50
7389 27
7464 92
9337 13
6966 10
8050 58
8311 86
8363 42
9994 100
8467 48
7873 94
9097 91
6269 11
6530 64
7878 19
5822 19
9757 20
8371 69
5535 88
9582 31
8471 35
7571 68
8950 36
9701 65
5115 53
7571 37
9354 95
8724 33
9939 8
5109 14
7072 23
6591 34
9303 26
7915 46
6360 51
9880 73
8636 65
9647 63
7728 91
5949 53
8622 51
6598 48
5910 52
5067 9
8105 79
7404 91
5403 44
9438 96
9305 97
5530 75
5000 61
5665 36
8035 58
9786 59
5456 1
7979 34
7503 74
7232 25
9222 24
9072 99
7030 19
8917 55
7815 81
5967 50
5726 64
6648 29
7280 18
5384 27
9829 67
9951 48
5674 48
8901 73
9603 77
100
8762 79
8689 56
9655 49
9329 78
9902 2
6426 63
9465 12
7762 30
8845 22
5598 87
5617 3
6019 16
8197 22
7746 59
6640 74
7623 42
5060 68
5065 38
9268 88
6011 82
7327 16
9874 8
9902 53
6742 98
6952 31
8587 23
6058 92
8498 33
9236 21
8966 22
9513 4
9882 27
6302 47
8580 73
9914 78
9590 84
8612 13
8249 7
7030 13
5265 17
6801 1
6096 86
9201 85
9553 5
7872 77
6234 90
6498 88
5613 57
6773 76
8518 77
7678 11
5212 84
9934 29
7720 36
8683 21
6473 55
6763 98
5069 40
6407 90
9478 89
7604 66
8279 78
6697 41
5080 64
8603 3
6549 3
10000 91
7451 73
8934 60
5754 60
5626 13
5405 72
6812 24
9131 86
6725 20
5664 93
8703 64
6253 94
9247 44
9301 59
5409 44
9981 66
7644 12
6705 65
5549 46
6014 42
5860 96
5170 99
9880 77
9823 79
6755 51
7524 9
6374 31
7594 71
5479 40
9510 68
9577 91
7560 26
9417 97
8901 90
100
5636 91
5814 54
9292 10
7139 25
8533 23
5463 75
9028 30
7554 12
5350 31
8261 79
8901 78
6238 85
8676 36
8694 4
7338 88
5993 65
5425 92
9008 44
8030 52
7395 98
6225 52
5455 27
7537 86
7472 40
9219 21
9410 44
9288 54
8206 2
9339 47
6394 98
6428 17
7465 50
9966 3
8724 65
8591 22
6536 58
7267 6
6800 46
7623 58
7025 3
8812 83
5850 30
6885 3
5750 97
7987 69
8217 62
9698 53
7978 68
9257 5
5539 72
7002 47
6057 8
5681 88
5380 64
6406 55
6335 78
8048 2
7830 95
5043 69
9488 1
9770 80
5934 60
6472 95
6778 52
8793 6
8203 81
8200 32
5813 18
5843 41
5553 70
7994 92
8973 68
5012 50
8076 61
7122 81
7332 73
5553 25
5900 22
7116 48
6815 74
5514 11
7513 21
7472 24
6528 2
8521 75
7560 34
7709 26
7457 15
6602 20
6317 91
6810 27
6401 6
6689 48
7398 66
6510 8
8580 90
5028 98
7663 82
5429 56
9488 33
100
9038 77
8674 18
6435 84
7128 65
5773 46
6866 2
8579 18
9046 48
6305 98
8962 91
9265 26
7894 68
8475 97
5060 46
8591 19
6700 34
7880 59
8682 26
9408 63
7859 79
9982 42
6295 13
9519 74
6390 30
5675 5
8446 30
8693 18
6981 87
5751 94
6900 25
8742 54
6716 11
6805 13
6826 12
8171 30
9898 21
9946 34
8423 96
5610 64
6851 85
7522 94
8784 1
7940 74
9396 60
8295 54
9846 54
7997 57
5502 50
8504 10
6124 22
5447 66
8322 26
6542 76
5151 51
9740 68
8681 66
5171 10
9773 10
7927 95
8242 91
7457 26
6248 40
5682 27
9905 64
9214 76
9150 67
5899 82
7805 88
5314 94
5800 95
5668 77
7075 94
8211 95
9455 73
9727 91
8675 44
7868 36
6166 10
8215 76
6943 13
5909 74
8908 16
8609 75
8622 89
8356 10
7296 14
8822 92
8015 72
5950 94
9912 32
6903 54
5208 90
7488 2
5811 61
8936 9
8403 45
7636 40
9214 11
5448 53
7631 62
100
7614 14
8187 83
8298 40
5144 71
9336 28
6129 21
7197 79
9837 47
8499 11
9848 15
6616 41
7358 95
8777 74
9836 22
9650 43
8963 50
9468 100
6237 7
8486 94
8389 70
6765 51
7415 15
8489 39
9202 65
9032 74
6309 87
7479 25
6182 84
6385 68
7237 73
8729 37
9269 95
7257 46
7552 60
9961 61
8650 46
5310 21
7215 99
7504 37
7572 69
8451 49
5700 33
5468 9
6144 32
9888 18
8561 18
8385 8
5384 67
6945 74
9281 17
5320 78
7725 95
7789 76
7020 55
8215 2
7341 90
6613 83
9672 30
8660 68
9178 63
7548 44
5870 55
9560 56
9266 83
5814 55
5382 74
5910 68
6249 52
7107 86
6378 33
5704 38
7623 14
5400 67
6585 37
5959 7
5891 88
7929 98
7792 95
6892 92
7970 63
6592 61
9013 60
9599 12
7199 63
5342 70
9707 77
7686 56
9608 67
8218 91
7762 66
6800 33
6182 24
8973 4
9540 54
7634 49
6748 18
7995 3
7640 85
6378 74
7847 38
100
6636 99
8030 37
8178 48
6970 98
7444 74
7223 18
6128 19
8709 31
5887 63
9586 5
6186 10
9481 86
7308 7
6305 43
8079 97
5321 58
9397 67
6745 47
5284 63
6413 83
7137 56
8562 47
6631 64
6444 9
6227 93
8870 19
9098 92
5608 45
6343 44
5900 82
6325 49
8333 66
5444 17
7560 26
9598 16
9124 1
8430 36
8858 7
8536 53
6523 78
5390 87
7909 48
9168 30
5679 24
7390 34
5779 41
7654 47
9802 20
6519 20
9164 50
5942 88
9649 37
9257 40
5069 30
8258 65
5732 5
6176 65
7907 33
9579 17
7543 38
5344 53
5193 4
6459 67
5638 58
9263 14
5887 52
9989 83
5255 60
8038 59
8233 62
5309 37
6479 91
6467 80
8229 49
7556 56
9216 81
8641 37
7543 23
7891 40
9857 1
5264 38
6622 79
5145 52
6614 67
7032 5
8604 65
9235 20
6047 56
7924 18
7192 44
5355 52
5942 31
9422 58
9211 46
7731 94
6174 53
9590 96
8335 95
6534 40
5831 85
100
7702 82
9375 2
5989 23
6403 96
5861 68
9487 2
5004 76
7753 73
9451 52
8162 70
7989 66
9429 38
6657 92
8237 29
7691 50
5890 96
8119 50
8288 98
6646 33
5337 79
7408 71
8521 88
8089 17
9179 23
9501 55
7888 6
9136 16
7712 91
7308 54
9779 71
6564 59
8110 38
6196 21
8158 80
5112 55
6557 64
7050 37
9626 41
6916 59
6154 29
6019 99
6461 15
7629 7
8557 81
8229 97
9678 16
9234 86
6445 41
6477 75
7239 40
7070 73
6613 56
5458 11
9714 37
5816 89
6188 30
5075 4
7109 3
7798 52
8132 92
7142 91
7163 49
7243 80
5229 22
5816 44
7739 38
9463 38
7227 43
8733 38
6620 100
5677 31
5626 63
7903 58
5858 32
5959 58
6011 84
6193 39
9247 96
7159 76
5619 28
5405 60
5703 30
8484 82
7918 68
7139 20
8021 35
5565 22
9936 64
5176 65
7982 9
5759 98
8812 61
8737 21
9822 39
5337 67
8957 72
8132 92
8289 57
5830 98
5642 21
100
6537 3
6133 5
8353 54
9468 97
6774 41
5330 67
8463 79
5063 66
8556 13
7426 65
6116 48
8065 83
9998 34
6639 42
8450 2
6185 20
5065 30
8194 38
7231 94
9770 22
7560 78
5182 41
9127 82
6676 96
9426 56
6059 79
9360 72
8950 86
8813 75
9964 90
8089 65
8397 30
6762 24
6948 71
9803 58
9750 6
6373 4
7341 35
8062 3
8241 75
8642 96
6610 43
9145 70
9664 16
5775 83
5641 28
7802 60
6283 99
8909 63
9540 23
7541 40
9297 22
6029 72
8016 17
5458 69
6658 14
6653 34
6351 44
6459 59
7198 36
8213 71
7055 76
6311 6
8957 86
5547 97
5741 10
5207 69
6375 74
8393 76
8216 32
8683 48
7165 19
8373 50
5139 6
7616 31
5106 45
7838 9
8980 30
8997 60
5038 65
5832 88
5684 93
9109 76
7382 25
9792 13
8505 71
8080 89
7729 92
5160 32
8576 18
6682 97
9067 64
7125 46
7645 54
9017 93
8309 18
8969 27
5402 2
8358 54
8504 5
100
6833 8
9370 14
9667 56
6716 18
8920 20
9066 91
9811 29
8597 93
5088 99
9876 13
6161 98
8581 98
8646 74
9168 11
9225 22
6189 4
9851 99
6514 37
6347 84
5953 61
9574 71
7565 21
9690 64
7902 31
8387 26
7251 62
5928 6
5769 80
7035 40
8870 84
6293 13
6152 11
8714 76
5909 29
9496 37
9275 92
5330 23
5258 100
8834 94
6596 92
9210 8
8665 2
8612 38
7311 98
9120 19
9093 51
7556 34
8962 30
7009 77
9202 37
9804 44
5349 21
5653 1
9743 61
9193 58
9726 86
9668 98
7470 15
7004 69
6751 58
7774 26
8385 94
8948 23
5260 96
6315 51
6162 13
6565 73
9480 2
9303 54
5708 91
6698 53
7932 66
9830 58
5426 31
5728 36
5350 73
8678 81
7412 32
7815 60
5949 67
7661 15
8257 90
9362 35
8827 16
7720 80
8273 26
9838 26
6141 76
9562 50
5972 21
7649 43
9507 55
7241 60
8732 30
9724 38
5994 65
8062 80
9684 11
5796 39
7116 63
100
5508 9
5382 99
5118 9
5955 43
6374 52
8029 66
6835 53
9587 55
5702 27
8358 50
5294 41
6166 91
8155 85
6811 32
5538 64
9976 70
5408 39
5576 73
7657 52
6489 64
6314 98
9213 5
6392 18
8484 75
7247 30
9802 26
6154 12
8061 88
8297 80
9672 89
5755 35
7462 90
5378 64
6353 100
9853 92
8903 19
6539 87
5687 70
7768 99
8866 13
6052 97
7187 98
5992 95
9335 98
6943 23
9983 35
9041 71
9600 35
6348 78
7124 40
7889 68
9816 96
6792 6
9127 33
6874 48
6668 34
6306 36
6946 36
7934 23
9941 35
7917 92
9276 29
5438 29
6300 17
9366 79
7016 62
8188 22
7216 3
9839 41
5320 3
5581 72
6763 94
5962 27
9438 10
7448 56
7055 60
7587 38
7374 11
6878 80
9626 12
8848 13
9547 9
5594 54
5677 95
5040 83
6426 71
5699 63
9106 64
6426 30
5239 79
6988 29
8620 5
9406 8
9523 74
7748 21
7720 99
9371 50
5622 37
9981 65
7894 45
100
7429 27
8748 69
7240 26
9766 13
7732 81
7561 67
6517 11
9913 53
8788 28
6083 65
8548 20
5230 59
6698 48
9595 43
5260 78
6279 61
7950 79
7895 29
5353 77
6597 53
8465 4
8900 47
6520 57
8641 46
6867 89
5115 92
5345 4
6671 52
7358 73
8561 25
5390 34
6303 59
7780 94
7692 32
6445 83
6393 28
6265 59
7294 62
8086 71
6194 34
7222 83
9553 59
7313 29
8913 98
8210 40
6321 22
7348 85
6764 35
5588 64
7143 89
6119 69
8635 74
6039 51
5717 84
7011 79
9722 62
8520 70
7526 47
7351 96
8886 44
8381 45
5591 55
6859 26
9935 32
8617 53
7333 93
9777 38
7926 30
8070 42
8696 70
9965 95
9167 2
8507 22
5409 91
6983 73
7795 96
9662 47
5209 14
8062 37
9396 23
5095 37
5199 94
5360 27
5396 97
6472 17
5545 19
9679 47
5980 97
6221 11
7495 87
7730 95
6649 52
5125 36
5246 9
5486 83
5384 16
5473 12
9188 74
8777 80
6505 19
100
6438 85
7355 3
5247 20
5192 88
7913 64
7199 96
5306 66
9479 89
9931 27
7470 79
6157 96
7144 91
6604 82
5679 80
5357 3
6616 100
9877 100
9904 54
8829 29
6852 23
7711 67
9138 40
7930 23
8981 30
6530 16
7598 45
6309 11
6942 11
9988 67
6025 85
7032 79
7985 7
6376 83
9068 53
7796 71
5079 58
9637 95
8917 89
5163 58
8746 9
7159 3
9005 65
5164 37
9227 57
6962 67
5970 95
5901 70
7987 46
7979 79
9105 39
8621 65
5721 97
5962 73
8374 35
7391 58
9861 88
7161 20
7886 34
7906 17
8738 85
8624 70
9915 16
5888 32
5283 67
9621 86
6978 16
9011 12
6610 15
7684 19
9289 48
8550 48
5534 8
7118 87
7159 32
5366 92
7576 15
7355 56
6804 16
9594 18
9517 71
7273 74
7876 80
7878 92
5250 77
8968 78
5683 58
5242 3
9000 88
6336 20
9880 60
6738 49
7402 87
8852 93
7729 37
8661 80
7504 69
5156 53
7273 60
8905 80
8764 79
100
8026 38
5703 29
6410 20
8337 18
8092 19
8755 85
6277 9
7552 52
5328 89
6325 81
9262 73
7447 47
7251 61
8764 39
5492 65
9314 49
9601 63
7837 11
8273 43
7955 48
6235 92
5095 35
8875 63
8619 27
9650 72
6318 23
6939 65
6596 47
5168 24
6489 77
5754 14
8315 67
6593 85
7143 66
9746 58
5480 63
7883 75
9720 19
9550 56
8475 40
8345 30
8731 92
8854 78
9726 38
6435 4
9526 63
7021 3
5781 28
5994 52
6585 41
7458 44
9539 63
6190 48
7093 19
7979 92
7663 31
5900 92
7417 6
7676 37
7070 12
9967 59
8146 84
8111 53
6515 45
7792 85
7946 76
6566 91
9884 76
7007 23
9482 69
7387 5
8745 43
7925 56
6556 59
8314 28
5462 76
5018 95
6712 60
5257 4
6001 98
8180 94
7509 12
6525 23
7240 81
7488 32
5522 25
7621 70
8078 38
5252 7
9173 3
8905 35
5871 96
8423 83
7591 32
6226 11
6287 91
6911 100
5899 76
8161 33
7023 48
100
5102 55
6529 89
7236 77
5783 22
7268 86
6100 88
7019 85
8290 62
8439 11
7122 62
6231 95
9276 39
8213 64
6586 76
9416 85
9379 3
5971 81
8302 87
6730 42
9328 71
8110 3
5885 72
7417 51
8879 91
6888 2
8801 92
9236 87
7970 7
9223 24
8127 12
9360 18
8005 14
6240 72
8394 74
6886 79
7165 63
7858 99
6403 50
8064 33
8274 6
5190 78
7318 14
6905 80
8695 7
5121 5
8878 9
6722 64
8021 35
8956 37
5070 11
5207 17
8357 32
8133 43
6991 22
8890 5
5955 9
6744 26
7112 94
7517 6
5497 71
6034 52
9776 54
7690 92
9986 28
9746 89
7813 12
8993 30
6074 72
5384 33
7210 85
9570 10
6630 58
5564 6
7963 18
6001 24
8925 71
7907 63
8736 11
7987 82
6352 54
8002 94
9198 15
5734 86
8600 80
5115 99
7397 2
9626 34
5315 10
7384 46
5853 81
6648 18
8924 18
6676 48
8544 49
5323 41
7544 77
5339 97
7874 84
9828 92
8449 67
100
7279 35
6939 5
9149 5
5178 65
7002 78
6641 48
9577 5
6784 65
5662 9
9420 71
9501 14
8183 45
9901 71
9881 5
9557 57
5943 48
8364 31
7821 19
9908 76
5700 22
6992 93
5001 73
9943 68
5009 16
5906 84
7014 37
8831 8
5228 77
7596 94
6060 40
7438 100
5133 50
7710 69
9709 71
5463 59
7750 31
9533 97
9651 66
7787 44
6574 63
8120 84
6614 80
7520 76
6685 39
6899 48
7799 80
5408 54
9098 62
5930 39
8009 69
7514 49
7869 6
6536 49
6886 95
6047 9
5676 77
8776 96
7775 38
5963 77
9857 17
8971 67
8464 78
9471 18
6143 80
6046 64
8136 21
6671 74
6766 56
9433 73
8892 62
9531 74
7775 55
8988 54
5923 25
9723 68
9824 23
5997 61
7802 92
9706 77
7675 72
9349 63
8427 20
8956 7
7358 52
9956 10
5780 25
9780 40
8848 49
5158 41
8631 88
9808 36
9420 71
5619 48
5527 32
7264 54
6118 9
6684 78
5112 16
8345 56
7525 12
100
6356 82
6547 99
7086 42
7830 35
7087 84
5796 44
5961 26
5872 7
7051 54
8971 82
8775 66
8490 44
9561 68
6700 16
6213 36
6907 2
5612 34
7669 88
7957 12
6656 65
5546 21
6374 44
8449 82
6735 29
5583 30
6089 88
6546 45
6047 37
5393 25
9564 1
5218 96
5369 63
8352 18
6370 69
6693 4
8153 10
7237 63
7904 24
5649 99
7068 3
8766 59
6373 92
7693 90
9660 28
5720 13
8797 45
5511 95
7105 87
7492 82
5773 81
9288 39
8818 47
5829 78
9111 56
7012 45
9713 21
8687 83
5236 49
9837 29
9317 24
8547 75
9502 27
8857 26
6335 58
8060 2
6246 76
6501 52
6739 16
9609 6
8365 33
9114 77
5722 65
6286 69
8588 7
7678 43
9360 15
6715 17
7926 11
5418 32
5590 75
6067 83
5913 43
7326 60
6010 37
7080 79
6387 46
9442 87
5935 37
8362 61
8524 19
8081 16
6316 67
5828 94
6086 78
5412 86
8300 79
5947 87
7028 61
5019 46
8917 45
100
5780 96
9824 55
9383 38
8464 10
6943 38
5047 72
9005 99
7043 29
9718 46
7842 83
8076 3
8205 26
8903 51
6858 50
6300 96
5371 78
6686 51
9400 97
6131 86
9280 68
5187 38
9663 42
5927 92
6840 84
5815 73
8036 70
7709 8
7647 72
9053 52
8316 50
8479 94
9030 90
6058 23
6318 39
9897 97
7522 71
9959 44
6106 58
7799 41
6264 14
6192 7
7328 79
6362 56
8453 16
8635 80
5441 74
9313 77
9467 9
8729 32
6288 13
6643 72
5095 42
5076 80
8376 10
7430 3
7575 81
5802 88
6616 63
7402 44
9824 52
9387 76
7882 69
7168 24
6020 93
9512 46
7134 7
9178 41
9801 30
8968 94
5894 13
8358 84
9879 2
7908 16
6386 1
8010 32
5347 18
9938 89
7925 39
5442 28
6954 88
7997 82
6414 30
6402 28
5465 15
5691 70
5970 92
8022 36
8909 41
5610 67
9125 25
9178 39
8882 11
5560 17
7287 64
8381 93
6037 24
9180 98
8373 85
7181 96
9090 21
100
9190 28
5684 49
9017 78
8125 21
8538 5
6660 96
9885 25
9986 54
7329 30
7992 5
7014 70
7915 51
7481 59
7775 8
8819 46
8794 7
8278 40
6074 50
5050 31
8014 20
7660 66
5572 73
7750 79
5160 65
6012 6
7234 85
5634 63
5142 49
6172 37
9684 83
9038 82
9976 23
7063 46
9635 22
7347 19
5518 36
7555 71
5153 4
5743 1
8993 98
6122 63
9813 12
5768 21
5869 52
9089 100
6451 59
9871 22
8371 27
5432 90
9279 94
6866 40
7009 30
5188 54
5468 9
9937 86
9995 18
5049 92
6067 83
9503 56
9039 26
6569 72
9901 47
6572 57
7167 88
7248 76
9507 84
9670 9
6811 41
5474 12
9071 13
9164 91
5501 53
7774 44
6626 77
6828 91
7515 16
8677 90
6137 64
6577 69
7891 89
6246 80
5567 35
8529 56
6976 87
6731 77
8157 39
8353 91
5171 38
8190 25
9953 22
5476 99
5603 58
8831 36
9708 68
9162 6
5339 68
8196 38
9818 99
7604 53
6432 18
100
7579 98
5464 59
6132 27
9716 78
8714 74
8638 11
5454 47
6863 96
8120 99
5470 33
5227 41
9430 59
6104 79
5315 57
6489 53
5189 27
7979 17
8233 34
6793 58
5105 54
6844 66
9264 46
5386 52
7076 65
9338 32
9391 58
8141 58
6003 63
8977 37
9673 12
9284 48
5717 54
8570 31
6326 71
6610 13
7008 95
8153 51
6007 57
5424 81
5565 42
8569 29
5866 88
5447 28
9212 40
7083 81
8075 96
5652 41
9300 35
9570 69
8004 22
7565 87
7646 4
5024 4
6641 72
8914 75
7422 55
5736 43
7101 37
5538 31
9040 65
8500 95
5804 97
7681 40
6840 73
9170 37
7987 47
8483 41
9075 40
9884 13
6154 65
7148 1
7989 48
9639 35
5546 55
7831 48
8807 52
6395 80
7218 80
5750 23
7450 29
7587 37
5029 75
5520 46
5319 2
9607 33
8545 82
6364 84
5113 21
5016 99
8724 30
8313 51
5931 43
9457 22
9996 96
5463 3
8687 87
7135 59
5270 65
9300 31
5258 31
100
7115 46
7337 62
5868 80
5607 33
7149 89
5251 76
9370 19
8022 87
6191 67
9313 45
6716 82
9235 11
8045 33
8219 25
5217 68
6649 11
9503 99
8916 34
8826 52
7186 49
7032 55
7070 27
6497 57
7650 7
9656 21
5758 40
5020 12
8242 48
5974 17
5726 39
6572 76
9716 65
8342 64
8078 4
5712 64
9955 21
7066 79
7863 10
5486 28
8212 17
6836 9
9704 52
6409 16
6326 40
9934 93
9440 80
5118 47
6120 39
8470 97
7494 30
7294 21
5326 73
6220 88
7345 62
6075 93
6529 19
6146 40
5938 73
6620 47
9774 73
6130 36
7764 3
9346 50
8674 55
9727 42
7862 16
7300 7
8717 48
6124 49
9711 33
9534 19
5002 74
7645 48
6715 59
9208 40
5213 92
7581 57
7075 9
7639 5
6438 94
7920 43
7053 60
8769 45
7388 19
6897 4
7692 93
6962 95
9751 82
9083 99
9634 35
5555 100
9098 64
8530 18
8958 96
9431 35
8955 35
7996 56
5971 24
9338 95
6224 58
100
5595 72
7648 66
9235 4
6009 78
8465 44
8586 28
5095 51
7995 67
5396 10
5938 38
6646 80
9424 40
6424 9
7729 43
7918 71
6021 33
7022 4
8305 58
5284 11
7145 68
9075 10
6077 70
6997 48
7167 71
7882 4
9008 22
5858 6
8874 99
7320 18
5057 65
8347 50
8189 96
7505 10
5196 83
7111 16
5252 2
7865 39
5134 26
8504 59
8004 25
8537 30
6001 5
9205 58
8521 33
8544 56
9845 87
7577 50
8067 98
7212 17
8330 28
8477 54
9512 1
8598 93
9104 34
7967 25
8409 84
6399 19
8979 2
9414 23
8120 62
8905 65
9811 4
9235 95
6603 68
5096 69
5209 90
6420 81
9609 13
8024 86
6470 41
7147 69
8141 58
9765 15
8656 89
5957 30
9446 10
6027 38
9941 64
6357 56
6408 90
5440 98
5143 87
6975 94
5058 89
9507 61
7378 24
7026 88
6005 17
7690 58
7906 10
9550 2
7301 28
9219 27
8418 100
6806 74
5831 68
9642 87
6950 33
6326 77
7969 70
100
5802 42
6356 21
9505 46
7768 62
7579 44
6808 82
5408 60
5994 81
8757 81
9189 91
9384 12
9619 65
6222 70
7616 20
6087 53
9847 44
6565 57
6322 6
8703 58
9300 77
6836 53
6860 60
7226 23
9944 81
5183 6
6395 65
9984 43
5391 59
8783 50
5112 66
9191 6
6760 35
9328 9
7271 10
8153 17
5537 34
5612 36
7069 44
6006 61
8574 68
6544 3
8069 82
9899 43
5511 48
6331 63
5979 1
9384 6
5583 91
7080 76
6654 34
9539 2
7722 16
6740 39
6915 6
7753 30
7626 21
9102 97
8641 3
8481 11
5114 29
5464 69
8252 88
8291 86
6980 7
5842 61
7083 64
8516 54
7216 61
9403 90
8150 55
9067 39
9419 6
9482 58
6897 51
5588 15
7903 85
7203 80
7969 23
5738 9
9470 52
7313 24
8429 91
6579 60
9124 87
9983 51
8380 62
8465 19
6387 89
7906 100
9623 86
6092 12
6149 38
7632 64
5689 15
7566 56
9895 90
9223 9
9618 11
9740 65
7918 90
100
6728 55
9754 91
9925 95
6711 98
7616 93
6864 44
8066 18
5756 14
6246 46
8868 51
5257 70
8359 89
9235 4
5507 33
8597 44
8200 16
9577 50
5881 75
9442 51
5505 63
5207 23
5603 78
9487 76
6710 58
8098 20
9588 63
5688 20
8900 17
9946 49
8874 88
9037 94
5187 59
6155 12
5034 5
7209 94
7681 23
6135 60
6915 15
8270 90
5115 89
6364 15
9763 24
9208 5
8002 57
5573 16
5197 68
8985 98
8805 32
5235 53
6247 13
7880 25
9501 81
6479 62
5423 23
8955 61
7150 93
7536 35
9738 40
8697 55
7335 90
9727 57
9423 34
7304 41
9027 23
8307 9
7373 67
7986 43
9850 34
8684 3
7248 27
7639 13
8075 84
5911 36
5893 41
5348 90
6276 32
6404 56
9838 56
5280 66
6778 12
8954 89
7652 68
8305 64
8267 37
7461 29
5598 6
5510 5
7405 87
6053 71
9698 99
9657 63
6707 19
8603 57
9605 48
5251 30
5232 71
7292 15
8001 87
8808 30
5054 48
100
7719 47
9499 16
9870 14
8364 78
9567 38
6606 92
8028 77
6838 30
9373 97
5078 22
8004 29
6757 91
5682 100
5382 76
7447 62
9246 45
8412 12
9752 14
7985 43
6898 81
5247 10
7514 10
5701 57
9246 2
6690 50
6763 56
6898 6
7543 77
7564 89
7612 20
8734 79
7474 37
6132 46
9642 50
8441 33
5483 91
8889 76
5817 56
8774 35
7524 55
6868 9
7830 88
9235 49
7457 77
6030 20
8439 37
7765 42
5440 8
7677 72
9310 62
7596 71
6393 89
7657 34
9743 31
8287 94
5618 81
6442 94
6032 93
5105 87
5718 30
5525 6
8392 54
5561 70
7826 26
8535 17
8775 34
7786 62
7066 51
9883 21
6039 62
8844 82
5015 60
6419 66
7419 56
7389 28
7891 90
8291 48
7848 8
7912 85
7416 46
5352 23
6571 96
8343 45
5009 77
8232 14
9713 13
9636 73
5368 43
9230 15
8449 47
5672 79
5657 27
5450 96
5455 65
5188 15
8085 6
7714 49
8136 34
5643 29
8952 39
100
5669 7
7063 16
8463 56
5700 55
8465 50
5656 100
7921 77
9431 2
9031 8
6142 100
5239 53
8438 12
6687 75
8285 31
5216 70
8436 20
6661 50
6292 44
6641 9
8615 12
9719 68
5678 19
9560 45
6458 70
9732 2
9053 61
9970 98
5931 68
5322 65
8868 8
8636 7
7713 93
8127 33
7523 79
8437 24
9746 2
8102 67
7403 50
7921 3
6006 49
9520 52
5839 52
7286 55
7400 72
8621 71
5079 79
8245 64
9596 50
7913 98
9696 24
5613 96
9028 64
7625 9
7191 39
8765 9
6892 77
5740 40
8121 10
5201 32
9645 42
6217 9
5005 14
8267 82
8274 83
8437 80
7229 88
8040 18
7970 43
7261 40
5462 45
5462 56
8715 91
6913 84
8761 98
5972 88
5322 4
5306 55
8679 69
5529 37
7441 99
8965 82
6604 93
6353 1
8413 99
6920 42
7107 97
7192 99
6532 19
5137 31
7321 28
5353 23
8482 99
8217 25
6460 54
6327 32
5080 27
6185 50
8135 82
8743 34
6856 16
100
7816 89
9798 37
7850 36
5423 9
7039 88
8147 17
9685 22
8868 58
7531 39
7694 95
8225 71
7799 12
8757 95
8429 67
9781 73
6043 90
6226 15
8069 87
8982 15
6207 92
5564 41
7287 16
8436 1
5108 64
7370 85
9885 63
8774 71
9123 39
5922 44
8027 13
8034 80
9827 72
8163 54
6063 31
9607 57
7494 41
6510 85
6622 73
9585 35
9726 80
8410 99
6953 14
9928 80
9280 59
8987 79
7030 10
8362 38
5704 55
7435 88
6387 19
6164 1
6678 36
8939 84
7251 21
5875 9
6920 95
5596 29
5729 77
6311 9
6992 86
7964 47
8612 1
5690 1
6323 51
6920 60
6944 5
9787 96
7274 37
6105 85
9667 38
5343 50
8297 93
6108 16
9991 19
5728 7
5475 45
9993 16
6280 31
7384 89
7559 8
8641 5
8801 84
7920 46
9682 36
7209 34
5128 6
6715 63
9820 73
5023 18
5038 100
7331 9
6204 52
7066 10
9795 58
5476 11
8255 81
6632 45
5512 32
8613 78
9224 36
100
8476 14
8413 17
7804 11
7904 89
8945 36
9393 9
5582 60
5705 79
5620 72
6769 81
5976 75
8842 92
6745 39
9315 34
8823 72
9825 54
7012 61
6836 89
6136 7
9371 63
5799 2
6336 89
7138 27
6716 66
7295 64
5230 28
5404 88
9666 83
7635 11
5979 17
7668 81
9187 46
8224 95
5573 36
9881 90
7130 96
5230 1
5216 88
9375 43
6194 8
8511 9
5671 31
7792 91
5136 59
6402 85
6973 77
5224 17
6227 68
5594 16
6967 33
7530 5
7798 60
8302 7
6829 2
6065 8
5316 46
9687 43
6430 35
8921 27
5306 35
5828 80
6457 3
5936 71
7977 39
8672 40
8069 97
8299 84
6135 50
7018 25
5511 8
6991 56
9887 24
8612 70
5856 95
9908 100
5129 25
9325 82
8637 42
8665 44
5770 64
5296 83
5232 55
8148 74
9209 39
5028 20
5650 13
6997 74
6547 5
8128 50
8902 88
6096 16
6997 11
7475 66
8774 74
9831 27
8527 3
6348 25
6599 87
8894 7
5357 16
100
7056 54
6512 1
8974 12
8214 63
6770 55
7876 28
7573 60
9347 74
5344 40
7684 31
8613 89
6090 20
8888 98
6544 97
9052 36
7950 82
9498 89
7177 72
8661 14
9978 64
6430 70
5668 13
8463 63
9736 14
6036 4
7941 94
6348 85
8547 23
9115 94
8866 61
5469 53
7003 4
6610 15
9859 95
9474 53
9560 85
6462 25
8143 70
9808 2
8217 50
6545 70
8568 17
6466 20
7476 59
8454 81
5753 60
8642 49
6704 32
9491 54
8683 57
9502 1
9431 82
9378 9
6288 36
5029 92
6710 39
7147 50
8735 31
9033 1
7841 1
7009 8
6258 81
6454 12
5096 60
6399 48
8377 54
7840 41
6955 14
6458 66
5666 86
9745 95
8683 18
5791 100
8400 85
7706 37
7561 53
7511 65
5960 53
9732 67
5784 10
5789 15
6542 3
9620 38
5006 98
5389 76
7492 84
8053 99
9813 44
6804 88
6866 65
5960 20
7319 67
7828 29
8011 63
9696 66
8327 50
7718 90
6950 91
5296 7
5612 70
100
8905 68
6242 62
5817 45
5914 92
6867 23
7436 78
8011 12
9228 66
5827 8
6558 43
7902 92
6827 46
9822 80
6417 74
6001 61
7554 94
8931 8
5084 41
7359 24
9482 72
9220 95
8447 4
6290 64
8437 63
9750 39
9251 93
8179 82
7984 88
8972 19
9653 81
7809 67
6214 2
7924 97
5122 40
8801 33
9328 22
6229 33
8548 80
7527 78
8186 26
5940 12
5947 29
5273 79
5384 61
8333 18
6921 34
5045 66
6631 93
6052 16
5934 79
5516 36
6908 4
7134 77
5219 1
9954 70
5085 91
7087 60
6501 60
6179 64
5209 33
5016 72
8498 83
9115 37
9902 89
6759 71
6036 26
7828 48
7595 38
7214 64
6009 39
9874 69
6393 94
7814 40
6698 85
6738 96
5128 32
7044 75
6928 28
7548 77
5915 8
6210 83
7000 86
8097 17
7952 2
7547 24
9958 46
6317 7
7440 22
5026 38
5562 89
8965 40
8760 53
5474 18
9987 87
8840 25
7925 42
7313 93
9032 58
5309 85
9077 74
100
6199 42
8610 63
5047 51
7586 52
6709 12
7333 42
9754 59
6460 46
6262 9
8302 30
5713 98
9883 69
9921 99
8250 74
5624 29
5936 43
9150 99
7293 69
8706 42
8680 52
9030 84
5240 46
9965 38
5144 37
5765 32
7918 16
6807 83
5696 43
7883 47
7375 87
5074 59
5476 81
8927 45
8617 80
9025 43
5875 14
8771 64
7237 100
5318 21
8597 78
7416 71
5660 6
7548 21
8966 37
6177 79
9226 84
8240 31
8020 40
9413 73
6995 49
5179 23
5951 62
8636 42
5817 49
8351 83
8082 87
6784 62
8583 98
9455 16
6082 11
7525 81
8698 13
9405 44
8626 20
7258 80
7003 3
7258 49
8742 27
5259 4
6741 4
6831 72
6403 46
9257 25
7415 30
5568 79
9121 69
7986 60
7139 14
8589 55
7831 88
7947 56
6913 90
9758 82
9554 74
8561 8
7608 1
9430 65
6176 12
6521 76
8746 82
7025 50
5156 70
7022 51
7830 48
7347 39
7785 5
9143 79
6479 14
8264 73
7402 7
100
7965 48
6102 72
8190 66
9251 41
6094 55
8413 80
7969 94
6471 44
9185 12
5127 50
8261 13
5474 19
9191 83
9906 64
7261 87
8388 53
9619 15
8080 22
9007 6
7972 41
8385 42
5664 38
7867 35
8794 37
8828 42
5824 80
7337 37
5495 77
5539 90
6123 7
5426 27
9975 22
5897 5
9572 46
8580 38
5734 16
6541 93
6147 23
7506 12
9671 53
5580 96
7552 71
8137 46
6524 21
7123 87
8899 51
6650 10
8887 88
6596 25
6339 60
6652 41
5136 33
6467 8
6433 59
6213 74
5542 22
6344 80
9915 58
6873 76
6572 21
5983 49
9590 45
9644 12
5918 96
8243 33
9207 40
6590 3
7707 89
5384 19
5515 79
9359 4
6331 14
6168 61
8765 57
8897 36
7624 70
9304 2
6694 67
6811 76
6063 2
8161 44
9319 95
7526 26
9295 76
6744 10
9696 30
9710 3
8389 39
9805 87
5839 20
8018 77
5318 51
9571 57
8040 80
5120 50
6654 73
9696 54
9525 72
9750 7
7870 9
100
7504 61
9865 100
9500 42
5213 78
9100 73
7047 60
6532 56
7177 70
9814 61
5100 21
8948 87
9215 27
6092 43
7620 80
6663 41
8857 22
7177 25
8289 98
6680 2
5507 18
5712 21
6024 24
8002 73
9345 65
7222 12
8518 36
7613 51
7119 42
5114 34
5726 45
6943 46
7113 41
8819 16
9391 95
8495 78
7399 10
7310 30
7873 48
9217 51
8063 17
6595 33
6432 68
5255 1
5770 31
6546 41
6105 61
7492 14
7967 51
6791 99
9607 71
5348 87
9573 61
5267 36
9021 81
8803 11
7713 6
9025 68
8246 45
5043 57
8935 21
8157 19
6999 35
5835 90
8040 84
5362 75
5062 30
5041 32
8316 88
6606 79
8354 49
6882 4
6632 8
9225 33
6287 55
6488 93
7250 66
9113 52
9916 48
7472 61
5456 91
5181 26
9173 69
7805 14
5964 23
8214 63
5234 22
9091 18
6881 34
5898 44
9347 19
5916 42
7892 20
7288 44
5325 10
5454 32
8665 53
5591 13
9912 47
7306 57
6449 97
100
9941 92
8804 64
8596 91
5594 73
9474 92
6062 80
6980 38
9464 20
9777 47
9889 19
8737 23
5483 58
5241 57
8546 40
8714 32
8433 76
9148 46
8058 13
6277 28
7910 13
6010 55
9075 54
7053 37
9998 94
5353 46
5142 91
9628 33
9580 22
6584 4
7354 20
9689 43
7826 58
5320 73
5071 35
8159 84
8942 26
5433 44
8185 22
6280 10
7459 97
7858 23
6116 52
7372 86
6740 41
5206 56
8302 36
8689 11
9429 40
9249 90
7476 26
5998 64
8341 67
9321 47
5894 71
7603 38
6845 27
8466 87
9615 92
5081 95
9008 14
9986 31
5024 55
8229 12
9897 94
7969 47
5271 40
8598 75
5095 62
6913 12
7279 77
9350 41
9024 94
7279 34
5404 10
8890 52
6315 18
8079 15
8816 61
6985 81
7882 55
9698 77
8751 39
8567 47
8049 85
9927 4
8780 53
6945 65
5730 59
5408 8
6305 15
8941 40
6326 33
9563 15
7506 27
7956 51
9743 81
9936 40
9659 90
5222 52
8522 33
100
5916 25
8698 9
9889 41
5985 41
8672 49
6605 41
9966 20
9490 31
6554 58
6894 68
5124 77
5890 98
8248 36
9998 97
7106 3
8658 97
8155 52
8465 59
9293 3
5946 2
7116 66
5142 2
5896 95
8054 28
5035 10
5335 92
9232 23
8475 50
9786 10
9819 85
9949 99
8049 23
5257 81
9098 15
5783 31
8652 16
8527 53
6718 6
6450 89
6487 15
9984 74
7147 76
8237 55
8190 23
5097 36
9948 65
8829 41
6094 17
5362 96
6905 39
9477 70
6022 96
5821 11
6978 67
5452 56
6199 89
8275 57
7561 18
5699 34
9267 4
6629 87
9132 41
8419 97
8737 44
8111 41
8612 93
7610 92
7701 14
7658 17
8347 87
7995 62
9382 94
6764 33
9974 100
9616 67
7916 48
8525 84
7639 17
5630 42
5593 32
6618 9
5311 68
7721 96
9856 81
5557 13
6380 69
9344 43
7136 54
6196 53
5155 6
7310 12
5821 48
6925 81
8325 82
8316 5
9175 44
7221 10
7023 89
9248 18
9215 23
100
8992 37
8682 45
7755 76
5208 40
8418 13
8872 94
8412 37
5901 83
5173 84
9584 87
6380 13
7131 26
9576 73
6075 38
7201 64
6395 98
9946 47
8834 60
9721 40
6304 13
9423 77
9168 46
5060 95
5911 75
7914 99
8814 29
5547 70
9713 68
6902 3
5341 45
9684 95
9791 79
6630 33
9068 5
6079 32
7280 49
6045 32
9777 1
7500 25
6943 90
6277 20
9294 2
6928 37
9080 43
5377 6
9862 14
6283 1
8327 78
8628 49
5657 48
6733 27
9541 48
8480 80
6250 28
6134 100
9342 29
8495 33
9185 64
8912 58
8823 98
8270 20
6803 55
5328 26
9114 66
7281 5
6873 34
7339 94
6171 70
5343 96
8964 21
8627 32
5889 72
5065 84
8852 70
5613 20
5755 35
6587 27
7706 6
8962 17
8871 8
9128 35
7133 14
9260 93
8802 14
6863 4
6987 54
7621 80
6656 19
7062 43
5321 65
6459 64
7261 92
5226 64
9392 2
5121 35
6430 37
8729 49
9470 60
8784 47
6633 57
100
5174 12
5269 39
7396 20
8727 22
8154 84
7847 51
7759 9
5141 6
6743 56
8702 100
8874 99
9448 18
6923 78
9203 44
5367 40
9424 51
6646 32
7773 90
9205 9
7267 96
7554 22
7816 22
9984 28
9265 89
5282 54
5890 38
8017 22
6337 98
9570 57
9398 15
6434 78
5698 72
6651 12
9687 65
7486 59
9943 34
5074 52
7482 2
8644 57
8896 25
9652 57
9981 50
7201 88
9025 55
7901 40
6768 80
5506 30
7964 35
8322 72
8972 95
6286 21
7239 44
9827 60
5740 57
5791 31
8405 29
7321 19
6584 84
5971 32
7795 3
7849 50
7755 87
9877 50
6287 58
8403 37
9369 40
7326 16
8866 73
9494 73
6211 29
7828 26
6425 94
6809 6
8040 90
9563 46
8133 44
9364 38
5554 20
6271 58
8107 27
8108 13
7730 93
7504 71
6050 39
8590 31
8889 69
7839 15
7090 84
8694 76
6427 46
5493 91
5855 62
6735 90
8008 80
9512 57
7093 79
8538 85
6630 49
6098 71
5674 20
100
8146 14
9437 57
7287 73
8204 55
5351 68
9319 43
8748 98
8385 95
8836 53
7957 46
9947 16
9095 37
6433 57
9776 88
8022 99
8027 61
6236 77
9427 18
7565 17
5301 50
6285 10
6808 93
8096 56
9738 61
6881 55
8026 2
6171 82
7122 55
5168 77
9644 55
5158 96
8672 49
5702 86
6503 15
7098 79
8828 63
8353 85
6694 65
5249 45
8607 37
5669 12
5071 57
5738 60
7231 51
6595 54
9016 9
5700 61
5464 30
6608 76
7783 4
6440 18
6025 56
9971 19
6708 38
6671 16
8202 39
9554 28
7194 38
5068 21
8456 82
6169 26
6698 82
7339 31
9353 18
7005 99
8613 66
6884 59
7876 69
8365 27
9126 80
7122 10
7244 99
5017 67
6946 9
6085 82
9057 83
6556 26
6791 94
7685 77
9885 90
6894 3
7178 76
8679 37
6532 76
7321 77
5478 96
5012 18
9322 92
7222 81
8619 18
6775 15
5627 52
9952 19
7826 26
5494 44
6803 62
5920 88
6078 26
7761 13
6606 35
100
8315 9
9081 45
8392 33
8319 68
5029 66
8684 30
6117 63
6577 55
5818 7
8590 9
7512 76
9905 18
8851 10
8580 80
5903 18
7032 72
6465 43
9933 87
9696 50
6869 25
8887 94
7597 72
5226 50
9313 29
8872 76
5757 67
6207 40
8706 5
8590 49
5641 23
5566 12
8229 25
7499 63
5488 54
6034 49
5533 43
7186 53
7046 32
8276 61
9429 90
7052 52
6611 68
6523 24
8516 40
6298 77
8459 98
6981 49
5258 70
9873 5
9239 23
6384 84
9501 68
6597 75
8225 59
9643 72
5538 2
6698 53
7038 97
8165 25
5556 31
6687 47
9419 81
7642 39
5955 49
5364 29
9385 40
7793 49
8054 26
5949 60
5541 8
8884 42
9169 8
7374 49
5461 17
6910 51
8827 58
7695 17
7045 64
9041 10
6475 84
5845 75
9900 40
8065 92
8072 70
8245 96
8229 59
5410 95
6488 97
8799 18
5439 64
6036 61
6087 72
8897 16
6297 8
5038 27
9625 84
7751 63
5929 56
8220 34
9450 48
100
7403 36
7808 12
9463 52
9326 53
9812 54
7256 83
8719 91
8043 99
8037 84
6677 40
9005 81
9758 69
9005 85
6234 94
9570 58
9651 88
6619 38
6926 20
6595 57
9887 40
9779 35
6725 77
7489 51
6310 9
7893 45
5697 57
9129 33
7402 43
8901 37
9125 33
5907 9
7458 73
5259 51
5579 82
8134 61
5618 10
7459 32
9439 78
9246 46
6515 7
8557 20
9807 53
7912 14
5118 13
7803 23
5525 85
8363 71
5430 85
9320 96
9464 30
6235 49
5394 98
6545 20
9600 15
9614 54
7055 24
8517 63
8726 42
8648 57
9521 8
5577 79
5101 3
8933 55
6987 18
6954 23
8007 45
8056 64
7790 49
8583 57
7343 34
8697 43
6882 74
9213 87
8359 79
6090 10
8859 24
9409 6
7574 74
6933 61
7198 69
8746 57
7661 86
7154 35
7634 71
9597 90
7172 9
6107 65
6240 31
7633 81
8713 13
8762 40
7099 41
9670 10
5566 26
6154 42
5484 17
7200 83
8688 65
5182 49
5756 28
100
9433 35
6071 24
8982 22
9480 8
8558 31
6151 82
9604 20
8572 95
7391 76
5775 71
9519 14
7790 8
6835 35
8313 38
5478 23
8188 55
9388 43
5019 41
9629 41
8949 9
9431 67
5244 56
6409 53
6053 37
9430 85
8543 42
5543 44
6858 76
5012 27
5159 82
6861 77
9323 9
5688 32
9417 66
8442 80
8603 81
7586 95
7658 11
5591 39
5953 52
7199 11
8031 90
9334 44
7730 86
7941 17
8445 92
6276 50
8017 10
8548 1
7487 82
6528 63
6819 97
7396 61
9113 97
8783 68
9983 100
9192 71
8943 67
9884 60
6687 57
8616 55
9229 20
9009 22
6451 38
9350 18
6917 34
7764 15
5794 34
5954 3
7966 4
7780 97
9348 13
7491 46
8418 10
8168 77
9327 55
7210 67
9546 71
7674 78
7352 97
5372 43
5154 72
6318 87
8288 66
6728 71
9225 11
5786 80
6196 34
8075 14
9897 70
7985 58
6308 10
8830 51
8930 7
5721 25
8567 78
8400 64
9123 22
8695 60
8989 85
100
6000 3
5530 75
9710 69
8677 57
9683 1
9793 47
6495 88
5858 59
9818 53
9599 94
7423 8
7175 74
7392 77
9779 92
8100 78
8579 73
5729 13
8148 63
5632 52
6824 40
9189 33
8496 53
6740 82
7090 78
9143 3
5206 12
8143 15
8238 17
8523 70
9485 96
9442 56
9446 24
8796 28
6194 35
6937 35
5442 91
5964 80
7245 49
9434 22
8125 11
7990 84
9016 63
7611 49
5803 51
8510 11
6595 52
7152 35
7823 11
8801 35
5371 95
6712 5
5096 76
7317 72
8903 46
7165 4
5459 5
6640 99
8697 37
8488 27
6597 83
9892 88
9375 19
9321 90
9958 86
6046 4
7300 7
7043 28
5960 25
9448 27
8920 88
8970 57
5753 45
6591 98
7495 21
9111 52
5206 67
5448 41
9428 5
8897 49
5456 56
8432 34
6841 84
8782 88
6626 87
7960 8
9362 8
8919 16
9290 79
6063 72
9307 28
9922 57
8139 73
5999 14
5982 31
9329 10
6959 71
7074 93
6117 77
7005 10
8487 34
100
9306 54
9301 32
7374 42
8576 63
7271 81
7074 13
7643 17
5468 73
5486 92
7820 56
7189 14
8934 73
6422 41
8470 55
6952 10
6614 90
7896 83
6330 3
5408 63
5470 41
9801 77
8915 96
8807 53
6789 37
5620 97
9454 56
5091 36
5850 55
7497 77
6069 20
6845 99
8141 23
6081 58
5626 14
6973 38
6585 20
8455 31
7973 5
9165 40
5513 23
5019 38
7316 84
6161 1
8715 92
9168 83
8556 66
9995 61
9441 68
6339 47
5132 79
6951 39
6039 69
6782 5
7308 45
7461 95
6292 89
7230 55
8252 99
5323 96
9459 18
7145 78
6522 37
6076 17
7336 62
7845 81
7105 69
8392 83
9192 92
5081 2
9609 91
9233 93
8920 45
8994 21
5656 49
9103 39
8680 39
6001 34
5273 51
6785 31
9520 93
8389 46
8494 12
8766 14
8299 16
7216 38
9722 75
5476 59
5689 19
5038 98
6886 82
9942 10
8537 84
8148 7
9942 2
9806 46
8589 24
6781 13
6924 40
7358 63
8057 79
100
8007 89
8135 29
7033 64
5244 45
7009 87
8996 35
6664 22
6706 93
9656 49
5876 17
6395 63
8001 41
9831 54
7030 66
6249 59
6114 59
5969 95
5647 34
8830 73
6061 69
8155 33
5336 15
9882 58
9294 86
6157 12
9220 80
8482 97
5880 2
6354 9
5873 37
8204 85
8475 61
9332 48
9922 65
6447 94
9479 56
8682 34
5978 14
7435 15
7199 86
9426 88
7829 24
6650 29
8033 32
5408 82
8712 5
5852 74
6387 57
9769 44
6545 94
8658 62
7359 22
5685 56
6958 56
9281 41
9054 66
7834 65
5771 40
6886 90
6529 7
7309 29
7661 15
7022 89
9321 67
8920 60
8576 54
6093 41
8539 83
6873 29
7256 30
5969 35
9556 86
8333 36
6650 52
8205 25
5537 82
8039 82
7658 82
9419 55
5184 90
8459 90
7539 32
5966 12
6085 62
9971 27
8836 59
5036 57
5149 22
9194 71
9739 1
9046 5
5440 75
5002 73
5749 10
8390 91
5025 55
6428 19
7830 52
9797 59
9032 52
100
7111 20
9745 95
8962 81
7810 77
6542 47
8412 5
8357 63
6923 68
9207 86
9535 76
9051 54
8193 38
9747 55
7661 74
9469 61
7715 81
9901 98
5705 63
6537 4
6938 37
7507 32
7154 78
7818 82
7144 86
6421 1
6222 38
6830 67
7222 67
5363 34
5264 71
9858 27
8917 93
8284 32
9773 78
8445 32
6217 4
8265 78
5449 12
7576 95
7408 40
7573 30
6700 58
9751 3
9392 37
7918 45
9776 54
8517 28
9204 16
8221 53
6237 52
5047 81
5623 87
9463 82
6843 89
7687 98
9113 40
6498 93
9787 64
7939 82
9597 69
7993 78
5780 39
7776 93
8144 65
9604 63
7174 34
7369 22
8307 93
5011 78
5990 39
8917 26
8141 24
6924 79
6491 2
5637 7
7864 35
9171 94
5654 87
9246 73
8110 25
8493 17
5608 30
6657 52
5340 60
5959 79
5887 86
9174 39
7445 57
9957 42
7518 66
6208 82
9794 43
7624 66
8633 28
6155 93
5151 8
8751 90
7850 22
6868 46
8818 18
100
7326 82
9268 80
5900 14
9686 59
5708 7
6195 23
9294 44
8929 81
5508 20
5722 53
5381 64
7218 6
8751 68
5086 6
8029 33
5096 36
9673 17
7465 35
9860 55
9588 77
5513 86
6173 38
9031 9
9012 100
8765 38
9889 47
9602 23
8443 54
8673 54
6496 12
7433 61
9114 82
9732 78
9976 90
5568 61
5927 65
5151 12
8029 61
6278 84
5015 53
6848 38
6597 36
9562 53
8492 1
7876 20
7820 38
5699 80
8078 75
6199 35
7668 69
7861 8
5613 85
5601 31
8679 79
8169 66
9499 84
5341 9
7756 87
9515 15
6376 39
7852 30
5946 71
8632 25
9286 77
8821 82
6270 93
9253 38
9254 22
9816 68
9710 1
8882 66
9679 65
5844 36
7192 92
9734 69
6342 80
5605 68
6736 96
6654 50
8841 74
7986 57
5457 100
9206 52
7300 83
8879 56
5460 8
9349 57
8983 31
8737 26
7166 91
9809 46
8918 100
5740 38
5410 87
7408 19
7631 35
8796 70
5917 5
5795 97
8102 46
100
8932 13
5022 33
5047 82
7880 76
9410 74
6082 9
7590 70
5221 78
9500 36
7441 82
9331 13
8553 79
5639 31
7368 89
5720 6
5342 93
9694 61
9336 95
7379 78
9860 34
6601 34
6041 81
8824 86
7606 7
7860 50
5834 1
6865 16
8695 56
8962 38
5310 54
7569 70
5445 49
6028 30
6852 87
9670 84
9836 70
6839 72
7779 51
7855 66
8490 47
8174 96
7815 70
7070 87
5829 76
5924 86
9579 35
7996 50
8257 54
9668 2
7019 95
7098 81
8455 75
6825 26
5456 48
6744 37
9839 38
9460 14
9074 87
8206 10
7575 88
9866 6
5021 32
6161 65
5749 91
7378 48
8003 77
7500 48
8414 95
7265 99
5689 47
8071 39
5413 23
8516 4
7692 47
6663 27
6807 20
7477 52
9736 22
5734 85
7476 98
6987 99
7316 93
7896 38
6330 80
9651 71
7274 48
5052 1
6719 83
7395 86
6126 22
7404 83
6610 31
6719 99
7047 47
7798 82
7097 21
9854 13
8211 9
6217 7
8916 63
100
9901 73
6268 48
8819 91
6384 58
7140 36
5916 73
8499 32
6141 43
8979 91
8432 82
7494 53
9136 77
5442 64
7795 79
6027 82
9713 12
6819 87
8709 21
9878 40
7519 48
8195 90
8853 35
7310 50
8325 98
9603 23
5608 88
6570 38
8745 94
8861 6
7089 94
7983 27
8593 58
6320 76
7917 54
9862 93
7805 53
7437 45
7137 56
7224 72
6156 29
8170 89
6619 19
9677 16
6290 55
6266 30
5104 10
7003 95
5635 50
5036 60
6315 72
7806 29
6928 32
5865 11
7198 49
8391 91
6190 84
9775 84
8802 58
5791 99
7652 33
9417 44
7152 88
8449 74
9728 77
5117 91
6910 92
9428 57
9424 62
6621 73
7933 93
7492 3
9535 78
6380 20
9975 45
5685 100
5866 68
9628 87
8766 11
8502 27
5009 72
7999 73
6914 51
6349 33
9767 99
9452 35
6497 64
6429 42
9263 48
5804 37
9574 64
6813 43
8152 92
8914 69
6505 31
6605 70
5090 2
7826 30
7225 64
9768 59
6338 11
100
7523 90
6489 2
5550 15
6769 66
6528 47
5716 32
7791 59
8421 93
9013 57
9363 17
9462 56
5117 98
9271 10
9035 16
8396 42
6463 46
6357 76
8003 60
7244 32
9296 24
8188 58
7202 76
8270 65
9081 74
5313 67
6705 4
9732 25
7372 11
7641 97
9356 10
7366 88
7265 75
9366 83
8889 93
7532 45
9028 34
9426 26
9510 13
6116 36
6790 68
9416 55
7933 36
6288 80
7860 42
6849 59
5621 34
7514 13
6408 83
9728 25
8651 21
6937 3
7930 71
9125 47
5382 93
5823 53
6325 71
6608 97
6801 53
8834 26
9811 91
7043 100
5730 12
6042 90
8318 66
7016 55
8202 40
6214 42
9246 60
5427 81
9747 18
9153 99
5679 51
7308 69
5092 80
5592 14
8602 41
7735 92
9880 21
7570 91
8682 36
5075 70
7944 7
6017 41
5069 97
5011 12
9647 19
8187 79
5886 20
6557 31
6367 63
9948 33
8167 9
7108 27
7409 99
6565 43
7215 36
8120 49
7552 65
9476 36
9060 94
100
5903 25
7329 5
7148 36
8953 69
5954 7
6016 49
5572 87
7724 84
6910 89
6632 77
5913 18
9397 51
8939 3
9076 46
6000 92
6326 47
7158 42
6047 67
7041 47
9732 47
7794 97
7844 59
5514 6
6518 12
9962 95
8146 32
9167 34
9938 93
5230 22
7851 27
5365 53
9304 43
8952 16
8255 57
5929 11
8631 30
5548 65
7445 27
6290 25
9218 1
7157 99
8755 82
9352 84
6067 70
9998 72
8687 39
9895 86
6567 3
5292 75
7633 43
6699 13
9025 18
7728 51
6272 56
8986 22
5934 9
9786 38
9727 6
7984 94
6288 33
5063 47
7561 46
8439 48
8304 23
6810 96
7808 50
7745 37
5491 14
8779 32
7496 54
8510 81
9774 34
5496 28
9466 72
7925 56
6732 12
7136 22
5116 25
7018 30
6767 38
9212 45
9834 93
5380 2
5577 3
5720 54
7988 38
7133 19
8233 57
7388 90
9342 32
6450 65
8675 21
7746 4
9494 14
9231 37
6779 38
8344 31
6785 16
9161 100
8992 61
100
8770 34
9367 51
8809 80
6789 42
7414 38
7829 55
6056 58
8731 17
7257 3
8326 59
9502 40
5862 1
9402 19
5584 3
6995 100
8720 36
8394 8
6707 29
8293 51
5162 20
6808 2
5089 68
8867 3
6309 3
6236 62
7696 84
9241 72
7489 96
9679 27
7048 43
5542 62
9226 32
6421 21
8261 48
9770 80
8811 93
5836 8
8160 8
9205 30
7992 61
5884 1
6450 7
6512 80
7765 87
7338 21
9772 67
5300 9
5393 28
8929 3
5112 41
9936 44
6994 67
9713 85
6996 61
7476 14
6873 65
7358 44
5179 70
9472 37
8784 57
5334 31
9866 11
6834 14
8970 65
8181 83
8399 43
6784 91
5656 7
6296 42
9941 25
9843 65
7647 24
7860 18
6661 40
5164 55
5340 96
8222 51
6475 24
8563 100
6095 91
5251 46
8811 38
7416 36
8820 21
5219 65
6581 56
6581 95
5548 14
8675 81
9871 50
9056 53
9079 38
8345 75
5869 13
7635 43
7756 26
6606 18
5877 63
7318 56
5559 60
100
7260 80
7392 32
9285 13
5195 26
5401 24
5782 14
6097 27
6835 40
6106 73
9353 34
5833 1
5136 17
7213 69
7328 93
6374 6
7785 17
7945 98
5342 15
7506 87
7611 18
7407 11
9464 46
6679 90
9050 29
6143 23
8996 71
8143 75
9085 81
7963 9
8562 88
9830 3
6303 12
5887 14
5403 16
8492 84
5526 72
9821 70
8612 90
6505 90
7382 67
8339 19
8709 9
5255 28
5231 90
9608 80
9848 24
5553 82
9224 93
5787 46
6860 7
7113 88
8061 57
6370 97
8302 4
7091 58
7041 72
7035 16
9319 83
9831 58
8571 16
9912 28
6061 90
8205 4
9825 80
5054 25
5042 61
5071 76
8678 57
6273 100
6838 70
6309 2
7898 97
9743 97
5520 49
8647 85
6825 43
8759 63
8664 49
8181 5
5582 12
7722 70
8922 53
5647 92
5568 39
6542 8
7057 39
6164 43
8799 98
8623 44
9111 60
9268 18
5559 2
8510 83
9452 37
6271 87
8941 39
9704 31
8888 55
5433 11
9974 96
100
6068 55
6013 63
8649 37
6415 71
9946 68
9869 7
8788 84
6322 78
9180 42
5092 23
6571 53
6623 71
6756 87
7333 19
6611 18
6508 80
5879 58
9786 55
5713 63
5765 95
9031 37
5847 42
8201 40
8392 75
9201 55
5658 45
5109 81
8310 72
8702 94
6371 2
8915 24
6429 55
5067 5
7347 42
5111 2
9095 55
7737 82
5129 45
7309 66
5590 13
7279 53
6644 74
8674 39
7756 64
7973 71
9046 11
6727 74
7556 45
6287 68
6913 4
9495 89
8031 7
8632 93
7331 25
6449 93
7378 27
6279 14
7352 71
5454 4
7088 57
7883 92
6988 47
8577 79
9009 45
9635 68
6795 78
8349 1
6733 23
8982 81
5471 25
7574 85
9253 67
9383 89
6160 22
6317 4
5830 60
5899 4
7670 92
8697 68
5311 40
7278 75
5927 31
6655 21
7883 78
9151 50
7583 45
7151 75
7518 19
5995 22
9870 34
7885 26
9722 77
7497 11
8527 16
9394 100
8438 78
6816 30
5504 27
5955 30
7891 33
100
7333 12
9458 94
7309 19
7074 40
6024 49
7636 39
9305 39
6881 92
5005 97
9489 26
5561 84
8726 43
5046 13
6063 66
6811 36
8686 88
6751 91
7897 78
5248 16
5203 37
7800 41
6280 69
5056 86
6486 32
6613 82
8157 71
8043 39
5761 99
5033 93
8727 81
5957 22
9469 35
7322 47
9663 92
7508 27
5657 76
5901 96
9416 37
6875 3
9035 2
9612 98
8029 49
6012 38
6184 73
5540 12
8832 87
7137 88
8607 2
7073 36
6032 45
7914 59
6450 91
6433 53
8716 2
7820 84
5637 90
5736 89
6248 74
7101 85
7565 62
7574 52
7961 96
7813 59
7712 72
9898 70
8386 23
6414 25
8717 99
9578 52
5187 52
7393 30
6611 60
6511 15
6011 82
6969 11
5811 82
7186 47
5997 40
6085 35
5508 51
9668 81
7444 96
7856 32
7668 39
7234 93
5210 60
8816 16
9875 56
9512 4
8402 59
5006 76
7466 28
8449 23
7409 56
5020 3
7779 60
9920 41
8206 27
8936 73
9364 73
100
7926 16
6247 65
5403 64
7439 41
6570 41
6278 59
9480 81
8575 2
8018 54
8334 75
8363 7
7366 94
6343 3
5064 41
7392 91
9482 11
7641 41
9259 19
6471 90
9089 56
8331 8
9090 29
9663 14
8879 74
5715 10
7047 25
8238 68
5756 72
5349 37
6427 28
6644 83
5207 2
5575 28
7665 59
5724 79
6783 9
5655 34
9337 86
8846 98
7572 73
5523 65
7252 43
6951 10
5052 73
8829 32
9942 47
8874 40
5723 10
8091 85
7245 99
7658 98
7425 32
7812 99
7332 52
7470 2
5909 19
7929 93
5443 44
5011 88
5346 30
6519 44
9184 94
8543 23
5394 67
6478 77
5715 57
7627 12
9836 24
7167 36
9459 37
8318 25
9436 11
7762 45
8037 4
5543 27
5624 15
7699 78
7377 54
6642 36
9797 56
7929 90
9355 81
8396 41
5429 3
9051 87
5931 29
9809 48
9004 95
7208 76
6470 100
9584 62
8106 76
9303 40
7670 42
5814 54
7483 51
5657 81
5824 13
6043 48
6996 51
100
8557 81
8571 82
7187 86
9559 1
7697 48
6223 54
6916 34
7654 92
5641 83
5442 42
5336 29
6551 74
7659 74
6415 27
5141 37
5757 24
8271 35
7321 18
8003 68
7962 14
8234 48
9238 4
5930 90
6144 36
9984 88
5554 26
7843 2
8891 93
9183 77
8644 26
8625 73
9242 40
9459 23
6009 16
5408 93
5614 45
5244 92
7194 6
5965 35
8505 8
5785 17
8242 27
7434 57
8815 2
6215 67
5638 75
6514 20
5914 85
6139 74
9916 76
5397 62
5463 8
6905 3
8116 30
7404 100
9828 64
9779 60
6475 36
6371 25
6651 7
8796 74
8932 45
6363 89
8243 61
9900 77
7998 59
6106 70
5325 41
8307 71
7383 86
8244 50
7960 88
8610 55
6543 6
9023 51
9862 5
8380 55
6861 84
7811 16
6847 90
6829 66
8027 12
5627 98
7969 9
6793 31
6649 25
5273 8
6066 83
6062 4
9759 87
7446 18
8692 48
7062 7
7979 64
8950 95
9189 8
7495 23
6044 63
5024 94
8201 92
100
8546 19
7514 96
6304 27
9143 78
9346 5
5445 61
6836 98
7825 12
6881 60
6936 45
8317 27
9331 73
5212 2
6436 49
9438 61
9072 37
6870 15
8172 17
5146 75
5846 45
7061 84
9276 51
9653 89
6046 52
5297 76
8088 60
9041 15
9968 59
6598 73
7780 25
6673 95
8904 14
6397 99
7454 38
9165 7
5794 72
8524 47
6371 94
7239 88
9524 6
6513 17
6572 68
8703 24
6618 15
8043 31
8616 99
7022 13
7097 37
6604 43
8791 47
7630 71
6507 14
5955 28
7802 28
7412 54
6676 88
5834 77
7115 54
8551 17
7641 9
5321 43
8997 35
9378 35
6867 27
8206 75
6567 94
8065 45
7259 84
9550 2
5323 3
6146 49
9278 79
8772 74
5305 8
6222 8
9055 85
5216 91
6889 6
8916 64
6754 43
6570 75
9693 13
7212 34
5284 38
9647 96
8753 47
5145 77
8617 14
6654 10
8117 20
6982 69
8982 54
5279 54
8896 59
9643 20
5250 71
6829 91
6451 23
9234 24
9743 88
100
9840 36
5811 46
8602 99
5617 2
8856 96
7330 18
6936 29
9274 65
5697 3
6169 2
8836 9
6911 5
9902 39
9963 68
9703 47
6759 58
9553 53
8430 62
8459 90
8631 60
7712 83
7542 36
7130 63
9058 90
6070 24
5424 51
6692 56
9973 94
7417 20
5354 29
5996 38
6556 79
8995 51
7701 34
5817 79
5698 10
6999 33
8253 64
6076 72
6209 33
6326 92
9369 63
9828 76
6651 58
7304 24
6770 41
7803 14
9283 64
8676 97
7584 74
5844 22
8991 56
9978 5
5889 1
9766 12
9234 81
9845 43
5701 29
5056 46
7303 29
7424 4
7614 72
5536 30
5305 85
5103 29
5730 15
6109 74
9884 32
6829 14
8035 51
8158 6
8177 12
7573 97
9779 37
9993 85
7534 34
9107 36
9118 11
6856 27
5303 70
6811 74
9592 68
6563 27
6307 92
8117 6
9124 23
5693 50
6777 36
8674 98
6943 52
9701 58
6202 6
6452 88
5951 65
9299 4
7538 50
5797 80
6587 13
8625 62
7515 65
100
10000 80
8680 60
8696 29
7479 14
6326 6
5892 41
9904 68
6698 17
5865 85
9811 54
7117 58
8391 43
7781 35
9141 91
5987 99
6621 23
7417 4
6448 54
6373 43
8018 93
5472 9
7056 16
9973 1
7609 63
5676 89
6922 54
9583 80
7717 19
9385 19
9963 69
9114 73
8197 78
8958 2
9299 50
7195 59
5182 79
6482 11
6662 5
8243 61
7414 55
9395 10
5134 42
6613 55
7203 10
7185 52
8713 67
9504 69
7868 93
9346 57
5793 7
5805 26
9316 22
5770 88
7688 65
7188 21
6611 23
5564 90
9495 1
8931 3
6086 2
6072 46
7744 5
5015 6
6631 1
9038 87
8626 13
7941 55
5979 39
7324 12
6917 95
9734 48
7785 61
5919 74
9709 55
7483 3
6915 65
5569 21
6245 16
6836 45
7852 74
9070 55
9044 68
8267 79
7683 94
9234 3
8883 11
8066 3
6143 42
5896 47
8032 84
8503 43
9001 33
9699 85
5245 7
7919 5
6779 16
7245 81
6013 61
6969 61
9229 30
100
9278 89
8972 78
8655 18
7238 89
9221 43
6756 21
8250 48
5734 44
7528 2
8397 74
8834 91
6124 70
7712 41
5832 34
5372 42
9287 49
5840 54
8829 71
6302 88
5504 48
7893 56
6465 97
8394 94
7385 54
5307 45
9041 93
5429 70
9585 10
8749 47
8020 6
8450 77
9839 81
8653 38
5508 22
7027 46
6573 65
8959 40
7361 1
9560 92
7258 53
6996 32
8386 49
7041 35
6779 74
8170 76
5887 46
9405 75
9902 87
9521 21
9108 47
7358 51
6179 73
6350 29
5261 43
7365 11
9179 3
9100 88
7261 29
8800 97
5012 99
6604 30
8047 68
7675 67
8720 6
8988 68
8724 91
5164 15
9285 40
8650 42
5574 37
7054 78
5630 77
5755 53
8651 18
9477 73
8219 92
5259 46
8755 59
6722 82
8164 24
9164 5
6557 9
9102 92
5531 13
9652 42
6614 86
6044 10
7208 71
7792 8
9549 82
5731 7
5366 3
8503 28
8857 75
8711 100
8067 63
7487 5
7619 69
6634 31
8311 34
100
5680 71
8601 79
8461 66
8498 81
8558 99
9711 43
8082 10
9596 82
5937 92
9033 53
6265 8
6615 52
8187 57
5644 96
7530 39
5920 37
5970 88
6578 38
8009 95
5272 70
6445 79
9809 44
5548 22
7498 94
6997 74
8231 52
5695 94
5118 71
6197 27
5028 77
5933 69
9472 83
7595 17
8258 1
5874 96
9286 39
5276 97
8340 58
7037 28
8450 59
8090 99
8633 16
5850 35
7494 64
8430 40
9733 8
5288 72
8567 71
6504 37
5431 32
5873 78
8555 60
9521 55
7947 23
9873 20
8240 52
5319 29
9706 1
7607 27
9135 94
6322 29
7025 13
7853 50
6519 39
8463 94
5235 57
9203 80
9553 69
8908 22
8963 54
9629 5
6988 95
9824 97
7944 40
8209 53
6244 46
8025 92
7096 97
7991 91
9027 29
9979 31
7352 70
6012 35
8697 90
5487 47
8553 40
8735 80
7210 30
5149 44
8824 8
8203 2
6514 88
6523 91
7836 63
7270 76
6277 54
9147 96
8773 22
5140 2
5339 82
100
7131 88
9711 90
8247 16
8367 2
6131 24
6744 77
9743 77
8660 24
6221 56
8971 79
9092 64
6990 82
9526 5
5183 94
6768 50
5989 54
6096 47
5514 81
6848 10
6653 82
5995 75
9465 44
9437 91
8367 5
5874 21
9838 6
8688 36
9282 4
5454 30
5748 64
9349 83
6224 86
7854 67
8228 60
8039 21
8137 24
8359 3
5190 60
8682 3
9983 85
7617 12
8028 58
5614 32
9299 98
5070 67
9525 94
5293 40
5372 10
5060 27
9775 88
9542 70
5601 22
5927 73
9499 53
5465 66
5029 70
6994 35
9402 45
7040 51
7035 42
7048 84
8663 72
5933 41
6493 65
5180 1
9846 72
7844 88
6121 21
6461 82
6850 23
7147 91
8748 41
9098 49
8536 99
7427 21
8381 49
7331 41
8321 4
6347 31
5750 52
9445 87
9113 32
7256 32
6830 57
9595 73
5004 87
5466 75
5762 1
5697 89
5963 2
9688 55
8587 50
6529 94
9472 40
9458 46
6316 15
7407 63
7451 84
5193 9
9217 97
100
6347 37
7150 20
7526 1
8425 84
5002 49
8907 32
8570 73
6970 27
8082 63
5362 87
6602 57
5059 14
7750 88
8020 68
9784 20
9665 27
8716 56
8039 50
7819 2
9626 16
8953 80
6508 5
9346 86
5324 70
9365 92
7404 38
9247 57
9615 41
9775 78
7126 73
7078 100
8860 69
5786 84
7420 2
9366 50
7187 22
5079 58
9318 11
9832 87
7561 68
5511 21
6995 11
5216 57
7802 63
7665 68
6889 46
7120 38
9818 68
9582 15
8737 18
9706 52
5337 34
5896 95
9808 68
8200 71
7725 29
6189 94
9149 56
5389 86
6254 13
8825 12
7844 92
9700 90
8582 48
5054 52
8518 9
5579 68
6676 99
8632 34
9085 75
9821 75
9578 41
8131 48
6207 56
9834 99
9945 67
8555 49
5190 77
5402 7
8554 20
7187 43
7144 64
5266 99
6983 46
8245 97
9215 60
6419 46
8792 43
9094 65
8025 100
9057 29
7369 97
8366 27
9986 3
5250 93
8251 97
5296 31
5802 41
6036 89
5082 79
100
5783 83
5640 44
7382 25
5187 56
8772 6
8754 11
7753 11
7808 82
6750 82
9312 86
9109 97
9644 75
5198 22
6257 87
6222 45
6755 50
5796 48
5545 98
5683 71
9869 68
8754 87
9344 77
7907 94
8911 88
8660 34
7161 72
9545 31
9505 90
6295 15
9535 54
5119 75
5643 67
9504 48
5552 6
6723 85
7827 27
8331 5
6647 58
5571 21
8560 41
6263 75
6663 43
7593 46
8698 94
6860 42
9786 74
6729 40
9308 45
7359 11
5799 92
9821 27
5015 32
5885 58
8224 43
5817 5
7565 50
7986 29
7604 18
5498 23
8643 38
8140 75
5026 68
6677 84
8039 26
8566 17
7146 77
7295 48
5897 97
6883 44
7583 51
5943 66
7322 50
6196 16
7583 85
9410 69
8426 44
6659 58
9677 59
7638 66
8143 84
5316 10
7824 20
6203 100
7412 56
8973 77
7487 78
9642 11
9473 91
6995 20
5400 37
8300 29
9938 74
5682 75
6682 35
5222 71
7479 35
6356 30
7876 29
8753 60
9174 82
100
9883 79
5555 64
5109 100
8259 15
7465 73
7329 37
9773 2
7379 36
7584 78
9060 97
8893 82
9025 1
5620 1
6499 1
5041 100
7378 62
6652 60
6412 58
5297 66
7497 23
6626 87
9426 81
5582 81
6408 52
5803 71
7978 72
8000 28
7792 12
8236 63
9069 7
9474 39
6137 74
6058 70
5026 51
5586 93
7278 70
9197 2
7387 50
8949 37
6901 36
6099 62
7217 52
9724 84
9252 86
8634 53
8987 27
7553 77
8608 76
8747 15
7276 4
8933 56
5544 58
9585 87
7028 46
7429 83
7200 61
9757 51
5674 2
7547 59
5347 12
9758 69
6940 41
5586 95
9457 53
8787 77
6792 19
7000 4
9477 61
8340 56
8058 44
9126 30
5125 79
8386 30
5074 48
8165 29
7771 89
7852 100
6509 78
9238 69
7120 5
7290 30
7409 26
7839 8
6761 96
6900 30
9328 37
5191 75
8525 6
6777 15
6148 16
7401 57
6548 16
6910 26
8696 1
8475 82
9259 67
8387 100
5037 60
8184 4
7766 63
100
8596 25
6880 26
6451 26
9102 1
5905 74
7296 30
8368 11
7748 68
5144 48
6296 22
5172 35
9617 60
8500 10
6669 42
6793 50
9970 46
7284 74
6251 68
8605 14
6215 29
7370 87
5203 36
9070 80
7348 2
6873 12
6421 54
7112 47
9190 73
5275 27
9900 58
9364 79
6683 84
8675 79
6393 19
6202 87
5480 82
6476 51
8700 96
8759 16
5326 18
9229 95
6670 59
6586 71
6496 67
9815 5
8144 62
8376 74
6938 39
6997 62
7425 65
5967 54
8442 24
5218 64
6095 53
6801 26
8621 23
5725 22
7595 20
6159 90
9105 85
5490 3
9345 30
8669 20
8894 1
9450 21
8149 76
5758 91
5182 7
7716 19
7709 76
9946 18
5080 95
8119 75
9922 46
5563 33
6906 66
5847 69
8924 72
5325 92
8984 22
7424 97
5432 91
7957 53
9960 94
5639 61
8406 16
7442 25
7803 92
5552 68
8051 47
9987 59
7480 49
8664 63
9618 70
8381 16
9593 4
8230 55
7594 6
6126 77
6207 74
100
9051 4
6840 89
5758 71
6657 67
9284 39
7989 54
5259 25
5829 31
5262 53
5217 95
6795 68
7125 1
9773 61
8481 6
8815 86
6186 71
5379 77
8193 39
5373 87
5954 79
6982 22
6127 83
7137 75
9693 60
7195 26
9244 68
9667 1
6657 94
8794 25
5964 70
8559 81
5757 37
6514 65
7847 54
9040 70
7349 66
8797 27
6691 82
6729 44
5065 63
6550 52
6767 47
5110 91
5036 55
9768 2
8836 90
8389 65
8039 59
5133 74
7794 27
8726 75
5418 90
8757 96
5037 40
9175 96
9083 57
9823 94
7346 14
6369 33
9452 4
8885 99
8045 54
8194 7
9823 90
8821 22
9324 65
7089 63
5083 68
7515 88
6573 40
6256 84
5908 83
7364 20
6790 25
9146 43
6326 4
5227 38
9892 11
8916 86
7708 86
9513 15
7333 97
9909 69
7049 24
8569 58
6854 79
6840 80
6925 79
5195 22
6303 6
7619 66
8049 81
5496 81
6951 68
5509 75
7006 27
8103 67
6685 77
7284 98
5412 14
100
5391 4
8500 27
8539 23
9963 85
5126 33
8096 43
9387 38
6130 53
8646 14
7144 85
6123 69
5273 5
8203 64
7825 31
6228 22
9573 25
6278 77
5809 6
8735 62
6034 75
7565 95
9893 31
6800 50
5675 20
5591 80
9005 27
5892 77
9461 63
8100 56
5700 63
8882 55
8565 58
7061 8
7379 95
8427 96
9276 67
8486 33
7854 35
7236 23
5510 76
8409 31
6200 16
9998 34
8460 82
6532 2
5909 31
7543 44
6301 77
6868 75
9818 79
8066 1
7855 34
5954 27
5351 73
9752 80
8109 23
6213 86
6393 27
6683 53
6545 58
9723 85
7299 65
6094 23
6180 82
8701 69
9113 52
6222 43
7749 60
5805 81
8542 79
8727 86
6693 46
8916 35
6629 21
9195 18
6799 71
7218 99
6782 32
9759 92
8476 21
8065 98
6240 29
6079 31
6233 72
6542 59
9409 4
6612 68
5187 17
5799 73
6119 64
6921 60
8984 13
6706 27
7467 84
8201 100
7858 5
7596 86
6439 51
5015 80
9152 20
100
5256 6
5171 61
7891 79
6531 92
5022 64
9799 55
9687 15
5026 27
9920 12
6807 90
8073 15
6820 27
9656 33
9762 47
8291 76
6632 98
5897 32
5934 97
7146 22
8086 35
6757 96
5877 18
7689 29
8535 82
5238 20
8745 61
5501 44
7294 75
7302 51
6813 66
6152 11
6832 99
8906 86
8357 84
6403 66
6918 93
5044 9
7139 61
7814 79
8178 54
7476 30
7813 29
5648 80
6988 93
6698 59
9929 28
7332 74
7781 7
9724 57
7143 34
6992 90
6000 47
9311 63
8597 5
5503 11
8085 30
5969 30
5716 23
5358 6
7049 4
7047 15
8084 11
7923 68
5722 53
7983 35
9079 4
5260 7
7654 17
6208 42
7384 69
8768 85
6760 88
7914 88
9866 86
9734 86
5536 77
5531 99
6068 21
5874 38
5717 26
7024 69
6070 17
5527 64
8251 78
5773 22
5861 86
5882 64
9964 26
8810 20
8628 50
6460 2
9182 88
7400 37
6965 85
8154 4
7638 39
6790 44
8450 57
6116 30
9399 96
100
9356 3
7376 66
6335 5
6262 85
8573 46
5397 91
7115 19
6723 85
6058 30
5840 63
8539 33
5613 49
5962 26
6425 88
6869 53
9612 17
9993 93
7195 43
9696 15
6630 73
6293 34
5227 54
6982 68
8233 16
7212 10
7169 12
6538 61
5063 99
5853 53
6125 35
9318 4
6713 86
9567 52
9478 24
5445 51
9018 65
5650 28
9863 98
9988 90
5596 28
9108 17
8036 54
7708 65
7932 87
8625 27
7182 65
6043 4
8770 51
6449 88
8318 66
5722 64
5341 74
6262 36
8798 15
7063 12
6691 54
8357 91
5423 84
7817 89
7721 79
5239 62
7611 79
6596 68
5416 11
7639 26
7544 100
6328 67
7780 33
8836 74
6036 21
6231 12
7680 66
6177 96
7827 55
6024 100
6610 37
5522 36
7604 83
9809 100
8059 99
7921 20
9496 46
9118 44
9009 99
8871 30
7110 73
8752 90
9334 100
6657 53
5534 45
8522 23
8903 45
8302 31
8599 27
6982 93
9695 4
8171 23
6881 28
8412 97
6658 39
100
6113 48
7977 50
9356 19
9177 67
6626 40
6340 45
9662 49
8094 5
5947 38
9377 10
5288 75
8280 27
7129 83
5488 47
8034 85
7985 60
7572 68
6051 56
7128 86
9620 28
8736 38
7286 75
9988 98
9919 19
8644 12
5924 37
5857 33
8103 75
5870 77
5384 98
7364 70
8673 81
7037 27
7013 12
6232 56
9538 60
8007 64
7608 91
9892 40
6645 4
7645 79
8325 74
7920 64
6311 54
8805 7
6788 69
8026 48
6517 11
7823 91
6033 93
6942 17
6919 16
9726 40
7283 6
7545 96
8543 28
9449 30
6737 55
6799 3
9316 30
8469 18
7142 84
7635 68
6522 98
9228 77
5540 11
8391 40
6068 63
6908 99
8732 91
6181 65
9306 99
9286 93
7141 88
9140 95
6287 41
9982 55
8630 40
5787 70
7412 49
6712 69
7404 6
5515 74
9682 27
5296 78
8356 15
6080 69
8643 56
7144 84
6569 23
5460 20
5252 51
8538 36
7642 32
9325 93
5731 25
9956 64
5132 67
8826 66
5571 81
100
8691 3
5474 52
9039 72
7984 25
7261 26
9222 98
8751 33
5853 26
6892 91
6637 64
9150 74
7896 39
7681 64
6261 65
8024 8
9362 1
6812 96
7188 24
8640 31
8442 72
9043 53
5202 64
5063 46
8181 60
6657 94
8304 17
5138 28
6352 36
9335 10
5499 72
9984 38
6830 47
6972 91
5311 67
6071 53
6115 65
8745 32
5803 50
6249 76
5222 82
5427 19
9480 86
7175 80
7162 87
7611 95
5029 41
7096 61
7228 71
9379 78
9652 19
5625 51
7277 10
8349 79
8043 10
5869 98
5958 12
6877 80
6522 67
5132 57
5939 59
8677 29
6668 11
7690 56
8948 40
9384 63
5560 66
5761 45
7864 97
7897 78
6151 10
8781 85
9026 34
9395 67
8581 52
7610 96
9011 87
9423 78
5826 90
6397 12
8889 15
5650 60
7498 19
6706 66
9792 19
5794 93
8345 82
5079 33
8548 27
8110 47
8840 34
5788 8
8371 92
8097 8
8112 98
8201 76
5610 60
5272 84
6943 18
5226 50
8856 84
100
7570 56
6815 92
5354 57
5539 33
6566 55
6715 20
7577 58
9140 30
6287 61
8485 40
7348 81
8978 14
9804 78
7344 76
9762 99
6756 24
6420 23
6045 66
9188 26
6901 82
7547 77
6920 38
6115 53
9284 8
8095 16
8814 59
8068 66
5119 67
7053 64
5020 20
5769 62
8599 95
6103 18
8174 67
9203 19
9894 54
8631 52
9828 81
9330 90
8379 68
8289 44
9519 39
9406 1
5507 25
6173 53
9056 14
9574 49
7149 36
5616 41
7099 88
8708 68
8539 39
6808 12
5217 80
9603 20
5149 32
8164 59
6986 1
6779 86
5249 33
5791 25
7818 98
8521 60
8755 84
5386 17
6152 59
6827 83
8121 51
7078 64
5465 91
9163 68
7528 41
6045 87
9980 64
7376 10
6257 99
8825 99
6509 9
8123 38
9907 99
9554 8
9097 10
5701 37
8557 28
7473 86
5167 50
9735 70
6160 26
9739 62
7254 24
9503 33
5399 6
5433 53
6250 86
5923 8
8447 84
7825 11
5541 32
8236 17
7829 68
100
8739 77
9007 86
8766 9
9568 85
8299 7
6873 57
9233 86
6003 48
7646 62
6150 2
5740 69
8546 81
9524 82
6537 22
5621 12
6903 3
5531 77
6498 62
6770 33
8191 44
8784 62
9019 52
9144 33
6622 35
9752 34
7336 11
5251 78
8460 52
7287 30
6123 63
6165 73
6321 19
7604 66
5728 70
8197 12
8565 24
8848 54
8559 52
8177 11
9687 80
8509 85
8349 47
7760 98
6556 34
9831 49
8134 79
6955 66
7681 42
6328 16
5494 51
6899 67
7468 37
7807 49
7286 33
8910 72
7076 58
8689 47
8692 29
6117 74
9431 87
9365 8
9637 42
6906 31
9143 41
9006 51
8395 67
9696 64
5533 91
7778 42
8629 35
6813 99
7865 91
6909 12
7646 10
9734 26
6012 62
8488 48
7341 1
7904 61
8126 36
8417 67
9186 65
8435 11
6509 29
9809 93
6619 91
8014 53
8751 5
6234 60
6149 92
7971 25
5539 60
9789 71
8779 43
5119 55
7609 78
8221 100
5687 22
6250 63
9456 64
100
6273 2
9610 48
6753 61
5470 73
9398 51
6655 81
9260 87
6689 13
6461 82
9073 96
8481 66
7744 45
6387 14
7256 44
9272 61
5911 8
8172 61
5617 94
6359 52
8513 63
5841 1
9952 65
9727 89
8206 5
5278 46
8245 24
9834 62
6424 71
7107 1
7666 89
7527 48
8732 5
5734 18
9720 22
8721 73
8623 34
8996 46
7248 10
9076 15
8317 68
8202 69
8443 32
7021 26
7111 33
8020 61
9878 100
9771 21
6311 79
5022 5
5695 95
8125 65
6189 96
9655 30
7620 10
9801 20
7668 65
6785 73
8896 83
7138 42
6377 67
9822 30
7845 58
5556 91
8904 17
7415 30
9035 61
5038 19
7791 87
7224 54
6561 36
6006 16
8685 50
9871 73
7744 82
9400 100
5234 52
5764 37
7920 1
8527 91
9151 12
8233 77
8781 61
5859 72
8492 44
6387 92
7605 85
8202 92
7691 13
6279 96
9731 99
6776 73
5600 74
7008 24
6537 56
9313 9
8931 64
8238 34
7259 89
8378 15
5196 30
100
8504 45
6497 91
9650 48
8439 2
7409 32
6116 76
9182 7
7420 79
5585 32
8249 35
7710 32
9999 80
8855 25
8641 91
5837 65
8034 11
9617 1
9283 40
7923 3
9602 31
7108 39
5783 32
7721 54
7102 8
6254 97
5049 59
8274 32
6795 2
6023 59
5820 23
7546 54
7388 21
6244 21
9475 24
5728 78
5533 66
8415 59
8646 20
6676 1
7043 36
7506 32
9525 75
7900 46
9147 92
7104 34
9932 87
5379 89
6323 41
7776 31
5659 9
6856 12
9122 48
7142 75
9076 58
6887 85
6378 17
5347 99
8859 67
6832 33
7135 63
5136 35
6239 89
6412 82
8234 31
7842 68
9705 65
8427 82
5966 33
8853 15
7390 16
6542 25
6717 13
5815 11
8094 56
5546 19
5094 91
5047 6
9274 24
6095 42
9894 91
6863 65
5833 23
9366 67
5228 89
7772 82
8638 50
6399 46
9875 5
7563 13
6969 88
7266 77
6254 31
9172 64
8917 65
8336 77
6667 44
7470 64
8354 19
7043 24
5355 95
100
5524 10
5642 66
5906 15
8287 49
5540 3
7434 69
8734 53
5743 69
5046 67
8788 55
7211 90
6947 11
6785 63
6008 14
7598 37
7159 97
9180 34
7051 22
8320 37
5485 20
6618 79
9501 87
8555 19
6112 87
7194 52
8283 30
5682 58
7984 36
5132 8
8462 79
9256 93
9492 25
7183 58
8031 13
9094 40
8064 35
8248 23
8448 20
7188 6
7815 90
8034 80
8109 10
6273 52
7127 59
5419 93
7117 78
6364 88
6153 7
8400 34
9111 92
7089 35
5079 23
8313 69
8830 50
9178 87
7980 10
9730 97
8281 23
9850 69
8280 43
5815 36
9173 68
7189 43
9566 5
8365 70
9949 17
9386 66
8940 21
9110 3
9507 44
6259 41
9059 26
9842 69
8088 74
6884 76
5279 54
6660 15
6429 84
6574 53
7284 37
8572 22
8967 54
5950 66
7881 84
6840 43
8866 7
6527 1
7786 3
8993 62
8105 78
8243 30
7873 78
7530 44
6581 90
8218 59
6370 28
9144 58
9010 79
5870 31
6550 43
100
8634 52
5386 85
8708 86
5892 57
8885 10
8823 64
7712 54
5293 55
7780 45
8825 70
7569 89
9851 42
5310 42
6242 10
8114 80
8166 33
5071 89
9075 12
7163 77
6887 16
5461 75
9809 2
5649 93
9042 7
7235 69
5852 49
8916 78
9164 51
8031 66
8121 77
8083 33
8173 99
7617 96
8664 40
5383 21
9255 88
9270 35
7345 14
6579 30
5556 5
5358 4
6275 30
8862 11
7850 78
8078 26
8425 71
8694 44
5758 85
6461 4
5112 3
7582 79
7586 52
5651 84
5734 32
8761 66
6140 8
6762 89
5367 69
9077 27
8177 73
8427 58
6773 33
7259 26
7110 10
7176 33
5013 59
8365 99
8258 65
6695 40
9715 2
8458 81
5677 25
7052 66
6242 26
6115 27
6723 26
7479 78
9448 17
5702 1
9326 100
7023 22
8443 59
7014 40
6443 99
8443 82
6376 94
5769 89
9699 63
8913 82
6303 94
7449 66
7889 10
8635 10
8517 13
9286 85
6413 25
8873 45
9772 27
7996 66
7742 22
100
7917 21
5067 99
6336 1
9485 32
8875 29
6752 56
6528 53
5951 92
5706 35
5726 16
7576 37
8989 6
9783 5
7142 20
6410 94
8019 81
6914 83
6031 29
9956 43
8652 42
8974 47
5083 20
8635 51
5464 2
8912 23
7421 71
8832 74
6916 90
8385 14
6111 77
8908 56
5568 74
8769 51
5166 13
8623 12
7683 14
5617 39
5719 91
6170 69
5204 2
7481 31
7274 61
8583 64
9790 19
7683 4
6865 22
7600 23
7249 59
6026 25
9727 38
7929 43
8086 24
7930 35
7361 44
6278 6
5804 13
7835 48
5807 26
9760 97
5785 39
5467 75
5679 40
7226 35
7713 76
9222 45
5987 32
7890 24
9492 68
8719 34
6620 67
7478 99
8295 14
7613 80
8913 66
7700 52
5653 91
8628 71
9537 58
6343 5
5306 95
8865 70
6331 68
9149 20
5535 49
8393 56
9883 96
7517 7
5922 63
5282 68
9690 78
7556 27
9726 43
6265 96
6938 4
5656 21
5312 11
5046 6
5919 25
8877 63
7421 1
100
9564 41
9173 100
9482 59
9157 10
6350 65
5801 29
9193 2
8455 11
5511 2
7203 74
9707 2
7910 91
6443 36
8026 87
5181 4
6946 22
8403 77
7772 74
7517 35
7874 96
9399 5
8627 63
9157 86
9882 62
6915 17
8684 73
6285 49
5769 60
6518 76
8281 62
8163 56
7216 96
7529 49
9415 94
8178 58
9017 73
6006 94
9465 48
7085 47
7147 21
7953 13
7835 56
6662 69
8728 29
6829 62
9773 59
7863 18
9758 33
6762 3
8088 57
7147 28
8723 49
7452 22
9469 41
8679 8
8694 32
7220 94
6694 7
6176 27
9207 16
8723 6
5536 5
6235 47
8568 87
8109 84
7503 38
8873 10
9922 91
8006 67
6213 13
7854 41
9706 51
9871 68
5536 58
9105 66
5142 75
9770 20
7759 72
8305 30
9796 43
7435 52
6180 49
7345 12
5594 84
9158 51
7900 33
6226 31
5389 85
5603 67
6227 54
5426 71
5506 39
7804 60
5034 88
8101 92
9461 97
6554 99
5674 42
5967 69
5549 80
100
9339 56
5287 51
9736 10
7098 4
9856 28
9993 54
6858 58
5722 100
8280 14
7946 2
5310 41
7233 29
6237 61
7888 34
5861 78
6571 83
8469 28
5496 17
6933 45
8009 10
8717 81
5453 67
8692 70
6776 82
7200 39
9577 37
8654 60
5952 90
8457 79
5870 4
7838 18
5667 9
5204 1
6681 30
9401 85
7334 68
8160 95
9562 95
9287 83
8874 60
5816 57
8575 13
5738 49
7556 82
9976 91
6829 36
5606 86
6340 21
9437 94
8725 63
6883 1
8728 5
9699 79
9646 8
8075 74
7615 28
8299 45
8754 31
6934 97
5166 83
8979 2
5162 71
9083 21
9491 28
8681 3
7173 42
5325 46
6136 71
7659 51
7080 45
8942 43
5474 92
7264 95
5407 94
7661 8
7690 90
5343 1
6853 100
8174 76
6156 14
8941 47
5062 41
9613 95
7235 8
8716 96
5205 39
9059 17
8933 88
9985 31
8157 86
9713 5
7187 78
9035 26
6679 79
7516 42
5305 95
5152 56
5688 28
6591 81
5062 77
100
8722 11
7354 53
8772 36
5831 62
6280 10
7884 87
8271 36
9086 9
7051 79
8312 76
6595 80
7707 78
6190 29
5648 25
5758 87
6571 22
6812 26
7922 15
7034 29
7280 68
9455 98
6303 98
9483 82
6701 41
8926 70
6383 48
6251 25
5185 68
7913 18
6790 30
8371 42
5050 62
5344 3
7036 57
5936 24
9015 43
8066 20
6900 94
9159 31
7491 23
8065 89
6106 30
9034 74
7912 97
7230 99
5042 94
6592 22
7942 75
8571 92
7504 75
7307 44
9607 39
8124 5
7837 3
6262 70
5482 62
5874 26
7989 86
7811 35
8260 45
5467 4
8919 54
7844 50
8186 75
8321 87
9581 98
6131 94
5405 40
9928 63
7663 90
8629 4
5099 80
5624 87
5789 97
9841 10
7614 72
7669 45
7182 92
6216 70
5537 71
6896 90
7620 81
8318 25
5468 29
5327 56
9179 90
6180 80
9205 15
6308 66
6514 65
7902 54
9070 53
8919 93
9668 82
6385 51
8367 10
9264 51
8417 97
8002 46
5856 88
100
8113 62
8820 91
9093 35
7024 32
7080 37
9072 16
8420 89
6126 41
7775 26
6075 16
9925 69
9234 18
6694 37
6787 29
5717 8
5091 15
6340 75
9186 93
6160 52
5519 35
9748 27
6080 2
8599 12
9147 48
5544 48
8766 20
8017 67
9429 73
9705 79
9025 81
5345 88
7467 50
6260 85
5912 49
5741 64
6747 60
9547 95
8225 17
5883 70
5177 18
8849 73
6160 100
5379 49
8475 12
5155 27
5107 1
8464 45
9802 39
9722 22
7684 22
9622 22
7984 2
5496 95
8635 55
5759 3
5536 82
6432 30
6659 31
7531 64
8691 87
6468 4
9568 85
9407 84
6808 44
6638 49
6436 56
8347 35
7761 10
9386 58
5232 28
8315 20
7100 90
6624 91
6309 22
5046 40
6671 89
7987 17
7272 70
6549 77
8388 91
7459 45
5191 32
9051 91
8552 4
7887 71
8103 30
9328 37
7544 80
6754 16
8087 11
7246 84
6010 36
6371 96
9748 23
5488 91
6290 21
8422 32
8885 93
7049 61
7668 20
100
6694 72
9839 75
6307 49
7762 16
5096 89
9592 68
8723 77
7624 26
9521 56
6839 69
5737 46
6183 81
7139 69
8915 35
6106 69
7091 38
7797 20
5472 54
7869 81
7805 80
8996 30
9644 48
7589 38
9872 40
8711 9
7373 2
5836 67
9848 6
8346 19
9170 70
8231 76
9648 21
5717 11
5818 79
8062 32
7720 18
9759 24
9394 12
5379 28
5090 25
9453 91
7461 60
5879 2
9306 47
9552 72
5010 31
5203 30
6753 42
5358 9
7348 7
8276 39
7671 40
5344 77
5899 59
8679 58
8559 27
5898 34
5087 11
7611 42
6845 53
6858 87
8306 57
8523 46
9439 29
7638 50
8859 29
7567 70
9137 40
8545 70
6306 57
7810 77
5142 92
8974 70
8520 45
7781 83
5858 72
5686 44
6275 56
9898 77
7904 86
5539 50
6631 65
9377 23
9215 46
7621 12
8319 46
8028 25
5232 81
6537 15
6772 16
5176 54
8698 23
8604 19
8240 84
8980 38
9689 40
9217 65
5279 95
7101 81
8286 16
100
7523 77
9411 39
6587 28
5227 90
7674 33
9656 3
5148 47
9575 96
8411 3
7717 90
8243 61
8320 16
8731 91
8952 64
8334 46
5446 96
7628 34
8841 47
6539 29
6640 91
6655 88
7161 30
6714 29
5659 1
8750 70
8603 57
6210 56
6339 82
6594 100
8986 83
5247 98
8063 67
6334 40
6471 90
8362 70
5503 39
6031 32
8862 70
7823 85
8566 63
8448 67
9412 73
7822 36
6523 26
6504 96
5049 20
9080 78
7908 85
6407 49
8623 56
6792 91
9550 23
5237 65
8406 34
9822 10
5984 2
9058 54
6942 79
9771 80
6286 44
9099 35
7314 72
8038 34
9136 82
6339 31
6155 22
9647 85
5782 55
5193 43
8370 14
8129 17
7184 17
6642 91
6479 82
8224 41
7577 79
6262 17
5167 6
5839 61
7828 65
6363 76
6452 23
7685 40
6156 47
7234 2
6811 7
9818 53
5934 66
8622 90
9125 42
9311 86
6983 100
9749 10
7379 94
5612 91
6101 35
9704 14
8052 12
9518 7
7887 23
100
8880 26
7571 79
6224 35
8835 19
7490 79
8724 36
6239 89
5823 95
6404 31
9228 4
5206 34
6594 52
8068 84
5713 83
8319 7
9580 26
9273 4
6942 81
5935 83
8771 37
7820 51
8632 30
9851 6
5876 56
5076 94
7523 41
7431 7
5752 8
9324 37
5067 58
7817 3
5807 1
5701 98
9077 38
6285 28
6489 63
8855 88
8832 94
7412 70
7798 10
5807 48
8014 8
8312 32
5210 59
8654 79
5341 28
9333 24
8684 76
6301 69
6582 99
6747 66
6881 35
7353 43
7133 72
6381 72
5185 62
5794 70
9592 33
5626 53
6539 16
7655 21
9798 50
6908 93
5182 74
9282 18
9518 13
8548 94
8375 67
9906 56
5308 30
5638 9
7087 28
6447 26
6979 1
6967 85
6470 36
8445 66
7720 22
5851 55
9927 77
7896 23
7198 48
6523 36
5943 52
8898 39
6664 26
8977 53
5741 76
9504 73
9448 87
5046 85
6584 19
9949 28
7512 38
7766 25
8288 43
5412 45
6961 54
9562 91
9082 78
100
7613 45
6614 59
6834 63
5124 58
6189 100
6078 87
6762 37
5002 21
8428 62
9466 42
5945 68
5821 57
8549 81
8720 77
7441 91
5353 64
6260 68
5790 18
6458 16
9309 49
8485 21
7134 61
5257 27
5681 13
9432 84
7703 36
7670 59
7916 87
7763 93
8067 36
7109 77
9660 28
9860 41
5461 86
9133 83
5875 42
6575 66
6885 78
5333 22
5803 4
7040 69
7208 70
7983 27
8911 84
6095 67
5180 67
9926 9
7561 92
5097 25
8905 35
5491 100
9884 73
5277 9
5265 57
8460 48
6198 14
7237 63
8422 63
8828 67
9488 82
7496 61
9146 3
9873 82
5844 5
9051 70
7010 61
9770 41
9093 18
5446 96
7164 18
8762 57
9448 11
6291 81
9304 8
5442 100
5817 67
9886 37
6620 79
9686 5
7141 82
5767 93
8326 88
8319 51
5079 81
8357 21
8600 81
5559 62
9479 43
5131 35
7235 19
6240 46
7819 100
6519 17
6198 47
8706 81
6033 53
8871 67
5625 45
5535 25
9075 77
100
6845 94
9768 35
8064 47
7745 89
8386 77
9163 46
7151 32
6388 20
9034 83
6073 75
8653 19
9961 4
5164 26
8427 51
5158 64
8364 75
8312 49
8019 79
5022 95
6576 10
7899 31
8867 5
7259 38
6343 37
6504 2
8857 84
9180 26
5869 60
5776 76
5192 99
6352 39
5794 35
8391 24
6616 94
6179 98
9542 6
5481 93
7892 98
5742 65
9866 53
7290 85
9356 73
8710 7
5891 9
7881 40
9085 83
8974 39
9508 52
6395 86
7225 10
8346 93
6349 85
5138 11
7083 71
8180 77
9473 45
6551 86
6780 46
8452 61
7573 74
5578 93
8417 21
9377 15
6539 36
8380 58
8953 73
8535 56
8491 74
9194 97
7453 51
8480 89
6145 53
6126 76
9935 72
5171 57
5096 37
8972 29
6506 85
8889 13
8175 57
6635 6
9599 18
7222 78
5267 15
5762 56
9460 67
8549 22
8517 32
6271 2
6473 85
8746 19
6224 32
8586 82
9600 57
9352 97
9165 84
5617 77
9206 42
7487 80
5560 26
100
8241 42
8476 69
8601 43
6784 88
9765 82
5072 32
5684 2
9394 12
9520 26
9983 63
5553 80
9889 29
6169 43
9303 36
5366 73
6859 59
6495 56
5617 59
5629 33
7351 79
9386 27
9802 46
5568 58
8917 37
6353 8
5285 70
6690 74
9664 23
7456 32
7930 64
8476 66
5098 44
5064 54
6294 28
9791 87
7187 34
5815 5
7395 37
9637 44
9889 74
6948 91
5598 55
8534 98
8343 80
9812 99
7972 6
9659 78
7447 35
5436 88
5636 9
5492 42
8502 97
5108 32
5218 40
9499 100
7400 68
5130 17
9162 64
6904 32
6432 10
9877 70
5170 38
5833 98
5987 30
7538 19
7070 85
8869 33
7022 47
6998 40
7042 87
6553 21
6221 87
5752 13
9680 15
9992 93
5014 78
7502 36
8695 85
8753 37
6199 26
6911 73
8118 60
9184 85
5934 77
7685 49
6112 90
7632 23
5883 35
5492 43
8305 95
6560 77
8016 39
8749 37
6383 3
7569 88
5591 54
9578 47
9759 34
7393 29
8425 51
100
8895 87
9937 94
5250 88
7849 68
6457 99
5807 17
5714 79
5460 83
7184 17
8641 86
7870 74
6022 5
5212 70
6062 100
5924 54
8257 37
9890 90
9149 90
6713 85
8077 9
8243 21
9000 8
6355 8
5593 16
9744 24
5151 72
8303 60
8794 2
6915 20
5873 73
5274 80
8106 3
7269 34
9348 47
6295 4
6593 51
5416 65
6148 12
5911 47
5703 15
7421 70
9819 44
8328 42
6922 66
7325 27
9759 17
5636 62
8628 24
5441 43
5077 63
9417 93
5589 54
7355 11
9353 69
8429 53
8684 56
6708 75
8180 82
6174 7
9828 93
8299 97
9763 4
9157 96
9202 49
5223 1
8642 28
7521 11
6904 94
6225 55
7872 64
6842 1
6417 18
8915 60
7633 91
9123 27
9784 75
5736 80
5963 87
5788 11
8550 42
5818 64
8855 1
6891 95
9043 35
7228 41
9937 48
5795 24
6620 63
7517 31
8940 53
5174 7
9609 47
7205 82
7778 93
6970 43
6687 15
6113 96
8358 59
8179 77
5955 76

