50
1
1
2
17 13
3
1 2 3
3
1 3 2
3
2 1 3
3
2 3 1
3
3 1 2
3
3 2 1
10
10 9 8 7 6 5 4 3 2 1
11
1 11 2 10 3 9 4 8 5 7 6
233
454 389 317 50 485 224 118 136 89 252 25 319 301 125 411 477 298 83 234 179 121 323 430 185 18 150 492 67 187 144 441 442 382 497 302 118 453 261 216 306 465 13 102 19 180 7 188 308 278 490 38 321 413 167 413 273 249 419 174 70 345 251 453 112 175 4 183 497 169 11 455 371 86 80 449 74 414 372 228 140 162 157 219 206 23 341 250 333 23 426 194 169 269 193 500 484 100 68 309 494 366 42 360 60 389 212 248 370 115 185 333 142 442 299 248 181 26 431 209 92 78 107 436 404 32 337 243 73 373 267 203 265 72 157 138 99 454 255 352 334 386 179 253 372 290 289 433 175 402 493 45 242 371 481 461 91 343 484 330 56 122 266 30 475 148 433 94 74 114 475 224 439 273 293 68 125 131 119 296 391 195 321 2 332 343 494 201 395 8 10 468 500 264 349 362 135 88 146 483 301 379 190 34 468 79 2 115 314 67 133 226 345 281 442 189 141 112 172 459 219 133 455 390 473 393 188 142 33 150 344 158 22 247
459
22 285 208 213 218 321 151 63 490 97 136 423 398 146 284 164 252 315 420 399 315 167 286 39 259 270 260 311 459 143 428 375 141 262 433 411 296 453 455 457 294 56 68 33 248 177 141 238 431 248 175 390 256 239 240 313 472 257 376 334 481 264 316 151 483 120 320 476 222 410 196 54 218 369 449 276 116 336 489 49 293 357 265 479 285 236 461 240 413 182 285 135 112 143 53 261 243 86 74 364 427 393 340 143 483 69 20 427 402 78 275 338 5 294 425 455 425 170 142 238 428 82 411 276 33 238 465 388 61 5 159 230 368 225 305 168 485 158 83 500 29 324 198 466 144 23 189 378 297 482 192 276 195 36 474 218 180 432 91 337 219 459 444 468 256 426 453 193 491 490 43 473 177 421 408 179 194 321 188 240 240 271 198 477 70 132 257 228 244 270 419 300 134 382 127 472 96 445 402 133 446 229 101 99 355 413 268 77 10 7 422 72 386 65 499 51 318 74 218 44 210 27 457 284 137 250 438 411 416 157 447 26 165 81 127 330 23 469 358 150 125 214 419 144 393 357 349 360 343 343 37 368 354 335 357 223 426 349 239 385 499 134 331 258 373 300 487 194 468 23 438 468 210 349 343 190 439 262 19 121 420 230 332 177 439 327 255 131 377 477 228 265 153 340 284 374 201 450 448 347 467 333 252 261 310 168 422 219 496 396 461 134 269 72 484 451 253 257 271 377 275 313 432 197 480 472 249 2 422 405 305 288 87 191 28 71 412 203 217 475 257 499 307 123 484 15 241 138 414 347 437 253 8 278 442 23 333 118 118 390 216 87 492 218 421 244 175 367 145 299 386 170 10 8 476 395 63 254 183 154 487 477 37 367 407 371 220 92 363 292 231 405 366 227 272 37 85 372 315 432 472 111 422 19 494 286 267 380 378 326 491 222 102 222 304 215 445 404 289 256 472 208 412 72 136 370 437 221 450 79 21 476 106 339 382 11 277 394 225 392 246 13 407 267 143 86 184 144 197 234 273 334 88 5 433 463 360 335 451
267
448 334 118 253 327 496 456 334 417 51 151 64 354 442 277 217 322 233 75 391 184 492 128 152 164 19 50 74 311 290 38 87 232 32 108 444 90 137 366 448 27 173 221 452 263 285 7 200 34 24 87 312 334 194 374 36 212 211 200 485 408 411 58 365 14 265 445 81 28 398 198 281 446 68 363 463 245 259 375 420 271 246 50 79 446 60 167 319 195 272 33 164 205 455 435 129 29 250 63 280 108 424 374 264 336 277 490 91 175 158 219 244 282 383 6 56 460 195 191 265 174 323 186 430 166 489 193 300 38 202 116 348 279 206 413 335 349 499 460 482 338 57 481 314 303 312 217 190 225 478 499 446 428 374 476 224 396 126 152 273 57 461 203 375 56 48 130 396 198 326 47 137 157 105 164 40 397 371 354 15 265 333 241 402 30 403 469 106 139 20 37 175 125 332 139 371 400 263 211 124 47 351 309 176 465 500 372 35 117 63 108 217 207 265 134 140 343 46 379 256 82 409 330 101 74 278 458 201 411 242 171 163 423 289 452 339 2 213 309 146 270 313 353 373 124 53 459 441 488 401 205 205 18 305 421 456 493 191 371 81 96 189 90 392 75 320 198
296
147 333 243 263 261 247 176 106 192 289 362 89 340 194 358 143 378 298 492 308 262 427 342 382 336 352 184 197 6 17 185 292 152 187 42 472 177 416 149 466 494 414 93 68 337 380 468 340 39 26 329 33 284 467 15 62 418 292 465 232 49 414 32 162 214 219 138 366 203 33 24 351 58 339 462 134 400 308 414 189 480 169 278 206 184 22 286 427 307 112 277 354 291 210 75 244 169 113 331 41 11 5 37 282 249 360 347 278 15 289 452 434 358 485 325 409 449 197 195 210 338 229 297 155 41 294 98 145 456 438 485 61 28 168 337 131 107 282 491 229 422 259 394 243 237 12 213 224 252 58 70 459 220 369 103 266 471 488 101 291 460 465 297 262 11 286 358 158 347 220 470 219 349 422 464 331 16 365 358 472 361 67 152 110 141 306 500 21 204 3 32 492 436 118 329 215 435 52 181 207 22 370 424 216 118 303 334 71 75 437 436 209 263 380 395 450 356 356 233 254 157 52 323 181 85 330 442 193 337 85 139 45 395 205 128 424 276 461 160 455 132 467 27 226 238 348 472 192 297 413 304 74 37 201 122 374 443 76 97 277 8 433 10 489 67 239 388 50 389 81 314 327 112 471 471 321 128 483 272 60 305 187 123 253 77 253 489 243 221 412 352 244 265 109 23 47
354
106 376 272 85 6 384 151 14 242 12 292 222 493 129 6 360 126 356 407 228 397 4 312 308 171 333 113 180 248 159 275 426 178 326 304 482 312 371 11 44 186 458 408 143 247 365 30 349 60 309 315 39 59 428 224 195 300 31 170 152 450 273 385 354 138 343 63 485 467 293 378 14 221 181 441 264 39 247 252 301 331 385 31 46 18 467 245 282 219 233 441 301 476 44 440 132 18 95 200 29 136 83 273 449 343 153 399 488 364 258 447 384 358 283 109 308 322 83 489 415 197 329 416 41 281 30 125 365 126 82 409 31 178 194 176 209 359 215 293 5 139 64 476 405 338 37 306 141 108 414 193 4 313 74 360 305 17 270 12 332 315 173 80 10 77 489 383 61 85 233 373 227 482 312 87 384 46 314 418 190 243 318 248 173 459 252 273 56 228 288 25 222 16 262 343 164 50 47 41 449 185 444 353 395 132 402 380 142 302 310 476 319 291 366 364 187 35 283 354 276 387 20 172 326 437 151 132 57 240 166 456 191 368 185 490 5 62 378 343 247 471 357 214 415 441 345 367 182 290 151 112 473 197 190 385 149 367 398 279 206 415 125 14 277 153 87 7 308 171 268 279 334 263 83 134 195 379 493 10 469 247 172 256 180 255 130 179 299 137 237 194 419 111 383 260 71 336 149 366 117 251 316 417 484 132 484 13 95 384 493 93 232 279 262 264 185 48 496 459 23 391 427 215 63 221 386 322 346 61 473 261 231 290 250 69 148 378 121 59 74 265 281 340 65 497 170 316 335 100 52 445 246 50 59
179
227 100 25 448 282 481 186 394 243 241 210 203 223 112 384 251 420 156 241 22 233 129 206 366 198 487 82 49 299 149 95 67 58 265 140 273 430 96 51 235 269 179 89 103 441 222 34 75 374 224 437 105 379 411 319 100 172 322 87 498 118 196 58 61 229 195 55 18 18 412 398 188 448 413 457 208 477 140 128 481 236 494 417 135 281 196 218 444 406 340 245 142 317 83 340 329 400 494 311 327 147 287 154 431 408 141 371 44 379 415 320 194 97 184 177 13 127 39 281 92 311 205 453 483 182 211 361 161 290 266 358 124 361 120 79 410 375 261 104 289 105 334 136 138 270 212 465 295 14 416 418 440 317 278 324 342 337 291 177 419 375 472 437 293 308 356 265 7 254 329 106 208 284 33 126 277 162 422 210
213
178 276 135 158 416 382 452 427 351 348 176 364 424 303 200 266 311 481 369 140 320 131 83 452 155 157 248 274 134 317 18 214 494 146 274 381 89 429 115 101 432 449 42 100 193 379 248 130 298 333 413 430 63 313 150 27 359 465 217 67 106 97 18 27 15 134 42 248 340 368 72 10 427 474 328 127 229 481 163 94 410 256 22 304 231 18 406 55 219 225 384 58 21 122 19 24 432 356 175 172 464 234 494 488 93 115 452 20 141 48 247 182 391 405 348 124 401 15 437 49 425 17 435 424 80 217 275 93 42 9 44 497 14 295 343 224 325 377 327 21 489 252 14 342 392 284 448 252 136 35 274 373 77 2 385 40 274 365 296 206 85 369 319 339 101 248 222 258 428 271 306 444 428 390 162 373 473 137 404 57 26 470 129 243 185 115 314 324 351 478 269 454 208 450 71 85 290 447 487 18 77 425 499 270 66 257 370 429 104 57 402 143 448
235
198 263 126 105 170 158 121 396 329 87 163 386 364 325 241 215 442 247 125 476 156 19 340 5 33 48 87 447 492 118 308 98 161 388 190 31 465 164 110 388 134 435 147 84 166 381 101 225 339 115 332 371 87 446 442 251 497 123 474 219 292 326 230 252 378 463 341 497 311 464 138 418 215 183 228 264 278 386 310 423 146 140 329 406 170 45 355 38 53 398 118 133 249 78 202 204 425 184 147 187 153 151 86 376 392 170 113 459 294 367 297 376 315 463 156 118 148 274 16 106 477 41 350 494 142 227 162 292 326 367 351 294 497 124 322 48 397 322 419 476 411 198 50 348 247 75 494 157 365 366 492 355 261 499 340 150 85 57 345 475 358 180 373 357 488 181 237 449 446 217 437 204 462 146 312 300 20 322 199 418 193 57 36 346 77 449 197 259 325 160 5 177 475 447 202 460 299 192 247 488 471 20 332 73 269 286 352 83 467 470 231 406 140 51 460 102 349 312 139 295 370 60 459 447 350 75 306 232 236 462 62 267 352 15 408
161
97 163 461 246 137 105 492 407 46 287 99 308 181 233 94 273 364 320 474 100 372 93 488 112 173 103 143 88 418 106 376 296 471 325 224 299 488 197 261 248 315 210 313 342 394 411 326 254 283 473 146 40 375 417 265 352 44 391 481 375 479 85 356 304 14 55 481 148 234 70 220 70 451 269 487 15 254 161 5 376 167 287 329 440 181 315 256 481 155 409 354 51 296 327 110 231 485 107 327 356 33 206 425 359 22 377 261 60 50 222 250 58 425 34 397 59 289 406 222 106 141 174 30 432 114 98 35 68 406 3 419 220 31 400 146 77 232 225 298 107 447 383 279 61 259 490 250 425 182 199 98 147 201 279 70 262 87 280 210 84 432
351
168 195 15 103 216 68 314 468 323 15 127 88 221 427 474 399 81 423 62 91 461 69 405 210 326 214 393 110 81 322 283 410 243 397 329 120 454 183 366 497 316 304 224 401 111 239 243 8 302 168 308 24 27 111 116 263 173 423 386 443 236 174 47 381 139 407 193 107 241 86 321 477 476 191 85 470 125 393 300 302 152 436 52 402 187 129 334 204 208 381 140 25 440 77 108 188 37 428 78 108 408 253 212 40 367 14 237 98 81 98 447 269 395 431 338 411 205 219 123 299 354 116 406 450 365 241 450 73 480 432 174 286 189 205 365 54 274 116 462 442 469 373 82 133 249 18 230 389 487 94 343 54 24 477 455 399 18 229 389 242 1 211 117 158 192 40 478 427 237 226 219 242 421 50 207 353 59 292 204 334 110 205 490 207 457 312 473 244 387 374 109 140 120 94 257 129 202 405 78 230 391 6 184 430 174 470 152 395 360 474 220 20 297 353 393 234 346 395 395 405 298 58 90 251 184 264 395 184 107 217 24 112 57 43 17 486 443 51 83 457 242 246 186 184 138 148 442 117 211 128 69 457 248 8 412 258 298 370 315 202 470 478 10 153 382 158 326 277 14 64 227 208 321 455 494 341 169 480 398 339 327 410 95 330 148 228 256 351 321 218 481 446 32 499 59 437 39 258 167 60 112 14 448 124 470 138 217 201 299 49 50 119 227 266 21 70 8 267 96 452 174 314 342 495 136 137 63 320 455 19 312 444 375 491 406 112 353 33 409 286 76 133 320 146 466 450 343 346 284 484 278
480
228 90 60 354 35 59 210 125 83 473 17 386 43 394 93 86 425 499 76 9 223 22 466 380 429 76 42 446 73 319 12 397 488 404 249 111 389 209 20 414 167 385 218 237 32 168 101 192 363 360 436 402 69 84 74 248 451 24 44 241 111 489 4 36 374 46 467 206 265 379 149 249 438 446 68 464 396 336 122 119 402 137 427 117 153 265 298 452 197 28 494 297 273 289 129 349 133 464 28 235 103 138 49 431 189 472 201 118 370 162 180 487 303 9 431 389 352 23 157 390 51 59 217 456 344 291 326 206 305 68 155 377 252 97 273 496 235 48 434 176 56 62 96 456 313 84 318 380 485 393 467 3 224 474 55 487 15 380 101 252 151 200 323 202 236 485 435 19 113 345 336 162 431 157 324 117 277 398 135 64 245 456 179 431 184 99 266 242 119 250 57 99 491 91 458 164 182 232 20 241 454 35 118 292 182 450 385 371 223 416 182 306 464 371 43 86 388 380 88 497 359 412 398 131 168 170 163 268 163 192 77 443 343 415 279 330 369 453 400 87 274 66 403 90 185 342 406 116 352 268 211 307 152 415 124 431 15 328 294 209 87 421 252 407 228 280 1 195 158 491 283 99 42 398 30 19 253 81 216 404 115 332 306 190 250 357 371 125 192 349 155 1 72 89 259 117 472 14 375 160 191 467 320 15 433 430 207 51 491 185 217 71 474 378 225 440 80 181 71 303 78 213 498 310 113 414 445 331 304 38 48 153 180 329 394 181 68 105 62 260 328 489 290 473 17 65 35 46 479 72 24 62 113 329 59 121 108 388 417 308 171 91 46 150 282 34 452 175 438 295 403 111 367 178 377 6 355 54 58 311 154 328 326 466 495 264 290 342 330 349 421 7 314 181 412 51 60 421 276 82 481 301 290 152 85 443 487 498 88 164 257 429 222 491 210 82 209 283 56 465 226 147 300 393 496 440 334 339 452 70 477 454 429 350 463 87 365 92 228 316 109 375 116 442 206 485 202 484 233 345 471 102 117 477 194 470 6 465 56 155 299 141 35 347 307 99 147 203 269 173 77 30 370 95 299 51 39 472 432 210
390
302 100 252 266 312 343 173 387 243 199 456 319 375 494 321 395 130 12 177 458 351 72 478 310 465 455 272 257 198 90 341 111 238 492 500 42 435 319 212 244 263 133 351 440 251 230 171 228 457 448 269 274 29 51 469 126 480 142 277 107 219 274 389 340 362 105 318 220 210 62 29 169 99 179 307 426 134 451 431 171 56 21 163 197 227 484 350 74 101 441 90 173 133 338 138 94 77 421 298 253 241 40 305 277 329 373 407 215 359 233 135 39 25 321 359 114 242 445 403 164 250 112 354 485 318 240 375 274 19 98 152 197 17 125 224 13 421 200 354 158 146 180 56 245 430 346 13 286 180 265 178 203 477 364 335 440 266 71 357 232 412 478 175 283 33 217 206 4 37 394 205 473 223 68 433 420 495 314 96 149 428 448 232 481 26 155 379 349 243 450 344 183 213 188 52 384 329 317 407 243 271 337 404 289 363 398 48 257 406 192 5 278 215 25 89 351 335 127 259 158 295 367 332 260 342 232 123 47 294 291 486 405 143 195 15 141 185 108 379 168 13 128 220 157 283 130 277 420 274 403 330 491 45 141 321 458 73 133 276 193 91 304 108 31 99 282 186 473 85 436 411 392 323 450 341 143 487 262 60 53 371 18 70 345 466 156 47 494 148 365 323 113 197 121 137 113 17 393 452 335 4 412 400 193 41 274 356 500 192 449 437 173 80 30 73 356 233 164 481 375 2 347 160 44 130 372 209 202 469 307 6 217 229 474 302 57 334 92 336 167 73 355 449 461 323 174 288 335 174 481 100 366 232 215 302 362 224 451 463 374 417 254 320 251 56 352 77 294 226 416 10 457 118 209 300 352 179 402 319 2 125 256 116 59 360 321 154 314 122 153
345
195 59 141 58 442 362 112 456 204 473 206 422 89 127 69 2 343 389 381 354 415 467 3 477 497 109 234 204 324 13 106 189 54 482 128 236 469 66 185 104 380 260 370 40 156 177 96 267 418 156 461 200 339 427 303 134 285 356 200 96 226 396 465 120 66 203 55 185 154 400 67 493 205 430 300 416 194 423 14 346 120 344 278 55 417 241 300 9 50 411 220 57 453 315 292 386 401 432 246 198 454 408 86 63 284 23 301 453 342 65 416 157 213 477 74 197 427 226 275 292 177 45 243 205 388 395 210 75 255 312 241 348 7 179 169 454 281 240 195 481 184 384 456 190 59 80 150 295 93 9 34 180 109 422 163 274 13 34 407 278 313 408 260 360 53 344 42 113 383 244 488 374 410 167 392 138 236 264 182 137 476 494 23 301 279 403 326 353 256 215 403 289 319 218 276 85 276 116 101 189 303 91 398 433 149 50 274 196 80 374 134 130 312 434 248 323 143 7 94 382 418 423 122 438 272 165 171 490 230 482 232 102 8 302 95 41 372 446 60 30 24 448 151 36 244 320 51 149 448 486 477 224 207 264 481 258 197 101 314 394 114 242 460 472 259 288 497 472 256 346 233 306 219 420 287 233 57 28 371 188 466 217 233 293 202 117 298 320 141 75 58 470 30 44 141 459 71 157 438 348 88 18 377 465 342 150 156 490 174 407 480 281 227 271 72 155 195 406 458 398 445 294 433 46 27 277 196 422 253 482 233 146 326 311 175 415 361 460 244 159 196 188 214 341 48
470
417 499 48 368 178 266 204 162 457 70 220 176 179 495 369 458 414 266 70 347 145 300 267 336 61 212 94 111 276 487 240 80 140 133 331 50 4 205 271 476 57 38 169 21 407 44 6 477 193 156 329 101 134 500 309 422 293 44 249 460 436 302 437 388 329 449 220 312 353 231 58 263 448 405 344 369 101 406 313 395 301 420 215 50 322 434 258 92 78 101 413 368 62 141 263 123 288 494 336 291 170 96 464 443 260 176 314 123 43 225 389 461 384 281 319 256 489 187 447 348 71 213 281 474 352 133 367 266 37 402 402 202 266 288 449 401 68 11 366 231 83 40 199 118 70 316 34 90 480 419 427 153 304 101 190 267 71 70 189 456 44 191 320 73 320 334 231 411 200 422 386 418 168 201 390 471 397 490 232 200 237 454 311 132 97 68 79 277 119 320 156 65 493 2 359 209 42 428 279 448 432 273 402 255 114 290 207 87 462 80 387 315 269 424 235 104 450 76 101 47 192 415 256 321 284 94 5 457 275 68 360 177 452 83 119 90 264 128 113 426 469 61 154 474 488 428 322 49 43 167 243 230 319 194 235 185 266 313 42 281 159 454 260 428 4 457 381 315 100 271 133 412 411 220 55 494 299 267 257 411 76 7 438 28 126 466 126 276 269 389 233 153 434 60 59 188 208 120 171 171 397 10 47 130 190 464 23 233 8 318 247 27 429 414 258 148 343 275 456 142 74 444 447 358 440 325 58 178 436 181 150 173 299 143 158 91 463 322 397 169 489 386 489 428 430 24 414 414 260 133 307 28 410 180 496 223 81 460 117 8 240 107 81 114 282 468 295 3 299 478 157 286 444 286 238 343 159 363 258 159 3 360 19 69 487 190 27 425 129 146 387 220 193 481 405 169 118 486 309 235 285 432 425 110 411 65 7 122 109 73 52 61 62 207 457 401 199 185 132 379 384 299 8 318 277 6 470 218 484 237 77 350 152 303 495 287 293 274 100 387 254 188 461 43 227 200 9 249 189 231 45 349 50 107 146 428 193 239 263 293 82 497 266 340 154 369 303 164 254 470
337
346 288 54 296 406 421 97 318 104 13 242 367 411 128 225 255 180 90 124 144 167 217 241 33 358 490 256 390 10 397 177 215 205 117 408 2 464 328 163 89 314 246 59 416 186 448 47 315 58 135 457 151 191 62 486 326 482 272 177 240 64 88 191 431 66 99 409 438 72 36 93 281 460 146 70 76 301 443 235 63 44 139 422 225 261 83 448 116 27 131 499 244 146 58 239 353 457 37 231 366 167 465 429 379 280 148 87 175 268 146 422 26 248 400 286 185 86 350 151 400 194 149 444 398 388 103 359 140 368 218 4 422 496 63 105 391 445 440 5 448 108 152 244 258 473 465 474 252 185 261 15 197 81 353 119 144 235 119 53 201 185 148 177 420 83 182 366 80 48 426 109 3 152 388 72 296 220 257 226 61 354 86 304 52 283 219 447 23 138 103 62 11 487 10 86 309 264 470 424 2 115 190 268 357 276 152 284 242 148 490 474 114 238 352 445 264 57 476 277 294 166 113 130 28 15 472 419 416 456 175 459 238 365 300 271 434 169 267 454 220 113 55 198 359 256 258 139 194 281 262 41 11 162 42 469 272 240 186 251 6 118 378 191 392 446 273 461 29 366 460 467 109 400 60 265 81 372 302 90 189 105 238 290 246 14 150 62 485 26 448 12 454 218 221 307 323 399 339 101 115 143 257 407 82 183 61 164 276 363 311 470 122 33 208 234 372 422 494 362 500 129 74 248 74 341 253 464 452 495 447 270 71 88 13 94 31 141
276
272 311 351 445 223 425 31 497 359 205 167 228 93 107 74 60 360 286 114 15 358 418 399 494 241 114 406 452 119 211 303 356 46 195 471 232 260 17 265 107 382 200 304 378 447 422 240 386 404 187 209 217 153 190 237 90 66 172 272 94 43 330 203 109 105 75 164 496 231 111 291 492 31 490 433 495 352 49 472 481 19 13 75 101 249 492 31 333 489 312 479 59 430 390 228 474 112 276 420 161 54 406 91 354 494 42 3 266 8 383 40 487 467 407 7 274 49 267 228 230 302 474 93 336 348 180 266 88 422 262 74 19 117 199 383 79 238 37 468 445 82 344 378 497 394 154 345 407 427 324 277 308 488 275 265 439 65 251 98 265 244 136 470 391 314 238 7 498 193 26 135 347 479 109 382 320 301 177 474 274 293 190 213 9 81 203 148 289 389 404 163 75 102 410 265 231 272 330 265 463 65 202 313 192 375 378 70 246 308 309 89 478 492 418 36 488 267 153 248 67 95 6 133 496 176 470 462 292 354 39 123 469 219 397 432 459 414 178 464 481 387 21 198 455 175 83 479 153 355 430 112 355 464 175 305 494 34 141 73 463 161 454 240 266 407 386 391 266 243 222 208 248 397 462 85 241
309
54 361 92 236 477 332 303 244 55 474 16 95 126 423 158 333 223 169 49 196 282 475 24 248 49 408 182 52 152 383 436 373 222 234 341 460 147 313 353 187 315 24 421 96 262 147 163 210 213 193 462 348 408 243 14 279 492 334 405 218 250 231 240 336 236 346 420 425 432 270 87 317 147 375 323 465 300 193 93 367 353 256 401 133 461 31 346 497 102 413 252 80 93 118 185 410 500 338 297 384 463 195 147 357 266 268 13 214 394 54 431 154 326 462 175 52 8 23 465 494 492 74 275 441 156 307 404 430 245 45 424 477 281 196 279 36 413 211 35 475 340 33 423 385 109 112 74 153 294 180 147 133 30 100 438 31 288 374 91 463 424 464 433 196 333 354 290 354 83 334 113 463 75 478 448 113 398 201 107 372 470 273 1 248 107 239 225 124 280 439 43 312 316 321 440 421 208 365 356 243 333 467 419 87 443 50 486 430 252 117 230 496 293 154 465 441 176 399 300 154 297 471 389 55 154 470 10 383 133 199 449 443 207 401 109 304 195 219 313 127 183 213 384 202 231 416 348 17 140 221 43 171 143 177 319 466 497 459 153 167 245 410 409 393 40 52 323 223 456 4 341 466 228 500 187 18 355 34 23 88 268 200 51 311 297 381 163 93 430 298 135 13 319 325 408 39 192 69 346 311 25 230 242 281 251 418 477 360 146
477
425 430 243 65 134 368 343 416 43 490 25 357 398 13 40 353 182 59 48 455 248 151 75 3 360 73 103 104 72 496 223 87 89 126 382 202 285 484 79 193 185 140 145 4 104 75 500 176 67 138 480 483 246 178 222 42 299 114 125 121 242 46 383 426 189 230 452 161 17 157 134 168 144 334 446 265 360 66 162 60 231 463 455 47 77 485 417 307 68 412 253 193 202 285 25 393 156 260 246 490 484 269 319 109 308 333 341 330 25 403 167 81 211 424 394 241 119 480 288 339 201 246 142 241 152 74 262 221 290 9 152 323 364 57 115 97 396 365 498 350 141 158 258 321 69 179 277 85 42 495 409 257 103 330 8 112 239 393 42 184 258 5 473 298 475 412 345 488 498 466 376 102 195 219 392 214 7 126 107 25 157 178 417 189 11 182 56 314 329 342 488 337 490 279 378 442 427 276 39 216 265 67 228 93 159 398 128 236 19 163 376 439 259 64 399 344 259 255 282 87 233 177 133 309 85 65 254 212 471 243 333 31 145 445 26 491 453 91 167 405 239 158 173 130 130 78 76 9 213 40 205 296 247 201 380 46 404 133 50 27 110 66 273 188 259 273 337 160 249 81 153 323 325 253 270 99 497 228 351 480 139 499 102 500 347 143 310 267 209 224 202 467 66 45 308 59 485 297 449 357 363 5 101 366 307 54 34 273 268 410 458 366 371 94 76 456 493 83 142 4 293 82 437 273 470 368 300 293 72 465 176 69 363 119 399 488 312 175 322 472 103 372 345 354 304 27 416 79 362 185 469 370 84 186 7 148 206 110 481 313 368 463 387 141 266 299 149 155 264 194 281 248 342 481 65 444 434 232 274 481 76 269 59 20 39 254 189 456 374 469 259 160 18 245 176 184 70 40 284 214 454 232 48 46 77 226 346 377 125 381 21 434 208 6 355 387 248 236 283 221 254 223 145 112 32 469 231 434 188 192 187 486 240 108 319 237 312 484 287 276 269 420 53 407 83 458 369 249 136 89 112 200 110 309 363 67 255 329 192 323 321 489 340 138 345 148 45 426 303 212 433 273 126 28 59 295 435
410
94 396 424 41 257 40 155 479 474 429 96 222 258 444 275 20 171 150 57 178 470 340 486 261 163 80 288 84 251 422 486 466 358 232 467 252 89 85 83 408 250 180 330 315 385 84 184 261 213 278 229 263 327 403 14 330 70 418 447 9 96 273 438 438 200 399 416 153 5 72 271 90 30 350 296 14 90 227 286 3 210 127 347 435 408 467 21 6 82 122 91 459 355 63 409 225 497 123 25 450 425 236 80 439 135 10 436 189 377 249 111 232 473 40 428 266 260 313 92 462 338 304 344 289 312 132 266 413 69 475 413 277 256 170 48 188 488 313 253 485 273 491 98 478 26 210 392 27 224 184 492 26 82 121 395 165 6 17 324 283 339 500 460 311 234 196 469 189 422 454 351 282 99 221 439 198 499 139 188 264 360 180 4 146 468 308 494 181 233 180 349 431 175 357 218 196 353 300 81 218 408 441 202 196 430 97 237 164 461 109 130 219 322 170 91 318 285 110 31 474 386 52 88 109 86 482 266 79 90 125 74 366 327 59 38 78 367 245 350 72 359 480 100 445 489 145 167 229 4 385 152 380 309 450 237 117 184 391 287 78 488 280 83 79 467 170 227 54 301 216 313 165 275 154 76 426 295 25 359 420 230 271 179 7 137 392 440 214 292 145 58 347 376 300 264 223 487 453 5 446 149 223 414 113 201 81 372 149 165 426 278 15 446 215 458 199 299 285 57 478 107 79 424 11 41 381 148 483 456 357 100 83 83 440 122 166 38 21 130 376 314 161 486 294 74 174 207 267 478 38 200 335 428 378 97 394 361 380 57 198 117 416 180 333 30 438 351 233 58 312 364 101 483 165 490 121 374 487 437 64 151 413 394 101 36 500 85 127 472 152 490 294 319 205 442 459 479 478 270 38 476 304 345 21 435 143 282 15 319 234
419
410 50 176 145 482 47 488 265 44 232 409 395 81 353 112 144 339 441 254 459 460 113 192 285 104 459 118 302 313 485 344 459 325 162 215 142 33 20 155 343 247 358 95 436 225 116 302 451 475 185 153 19 232 464 181 388 322 98 150 439 276 123 20 276 405 35 113 94 393 351 399 324 309 256 279 30 44 180 286 56 448 234 455 460 207 398 90 494 382 457 423 63 245 358 278 86 409 475 418 351 359 150 391 117 306 426 28 467 406 256 120 17 270 173 173 280 87 459 247 275 229 128 282 495 419 257 446 366 406 75 34 287 79 162 383 389 50 88 34 96 373 196 369 460 492 342 442 421 233 330 292 467 44 494 34 271 149 225 165 422 396 422 365 452 89 474 403 479 356 21 454 177 319 297 212 376 404 104 362 45 88 67 178 406 241 464 183 144 138 378 350 395 151 157 208 348 240 148 96 221 10 261 335 151 242 191 373 284 224 347 462 294 218 171 400 29 240 433 126 312 443 167 230 257 447 415 55 458 78 120 346 118 66 101 189 244 292 186 85 378 17 485 429 458 305 14 302 102 235 394 454 193 8 488 379 80 296 118 324 481 461 431 115 202 49 161 189 98 206 496 194 341 475 451 415 380 422 107 201 190 116 290 187 417 361 379 115 233 409 482 365 299 370 64 413 105 486 280 470 300 339 212 59 29 402 476 464 280 457 407 64 226 12 358 274 66 222 13 102 218 75 212 185 43 404 145 327 59 411 359 24 189 169 96 113 290 229 6 317 398 490 438 331 8 91 162 90 203 322 209 46 373 478 304 257 25 285 203 222 128 54 17 380 287 58 52 338 412 466 49 409 154 416 203 291 366 453 449 207 339 354 456 201 60 110 45 212 273 120 412 273 208 189 471 385 329 187 126 25 443 87 174 69 416 484 310 275 226 6 64 90 436 326 121 399 49 198 444 110
269
368 316 236 259 322 156 387 303 160 267 11 299 269 401 88 72 99 276 159 386 89 70 166 437 366 474 478 403 440 336 439 295 74 135 143 377 161 301 163 72 433 337 442 228 496 309 418 154 283 257 168 437 315 360 291 234 258 195 396 54 34 46 384 170 206 264 71 186 188 390 111 290 45 300 48 43 451 2 207 178 376 84 33 339 300 313 249 167 333 337 384 229 417 458 56 46 47 167 443 447 154 234 134 288 426 64 297 422 324 110 32 145 412 194 298 115 128 66 485 328 116 128 451 26 29 443 228 32 307 289 459 214 242 366 253 115 390 176 39 379 305 14 360 233 469 234 320 391 119 82 138 221 216 435 452 104 45 397 98 417 240 446 364 181 177 73 458 33 106 324 100 488 55 393 159 376 284 189 265 354 365 46 9 334 322 267 19 223 147 10 100 203 27 57 481 66 151 240 164 487 362 105 420 159 238 445 254 148 213 450 348 60 193 202 128 140 321 307 364 475 481 491 254 380 468 23 178 191 360 470 179 173 29 487 249 434 21 126 432 379 196 122 358 130 400 317 154 21 376 76 476 52 200 79 114 346 411 311 136 10 467 160 44 236 137 113 81 387 310
209
445 147 61 109 97 14 286 380 436 114 342 74 190 211 460 496 58 23 395 102 78 9 409 461 458 34 332 268 256 457 207 126 402 142 23 26 444 33 155 474 256 236 160 404 83 38 385 294 497 241 278 179 272 271 359 50 281 341 115 143 424 415 393 244 142 375 116 398 91 303 46 404 357 453 122 42 345 222 370 14 200 86 338 271 335 248 223 431 70 215 338 303 283 367 212 92 433 233 294 352 275 41 237 33 339 247 176 178 446 52 13 487 398 321 172 174 121 420 377 291 308 130 9 487 72 480 48 13 204 358 98 193 311 61 238 214 71 349 122 101 398 110 448 35 215 194 496 199 105 403 7 415 407 272 451 76 112 58 253 376 309 337 187 364 255 245 334 359 43 402 343 14 291 118 280 303 8 133 181 190 32 109 459 74 476 315 414 358 498 469 450 269 303 474 343 450 316 339 277 135 410 340 148 254 31 358 348 161 23
272
417 205 196 354 390 333 282 110 228 224 138 377 196 143 163 21 464 479 137 389 54 466 321 470 161 340 30 412 266 37 207 305 314 206 236 446 157 12 21 493 78 11 252 83 87 402 31 482 303 46 50 38 159 338 322 120 394 426 46 495 76 115 429 10 301 261 32 365 385 454 86 480 71 462 373 449 491 11 10 6 268 228 56 297 86 220 348 298 247 272 117 154 132 369 491 421 194 115 313 351 405 63 27 107 365 426 76 208 171 422 96 259 351 436 74 208 300 147 104 496 203 351 358 271 252 34 352 315 197 419 118 49 315 196 95 322 38 426 481 120 237 146 250 358 164 26 264 446 37 137 113 154 135 7 430 289 224 96 204 378 329 198 32 397 221 305 463 289 488 359 289 314 227 220 323 99 438 228 366 483 464 234 435 160 268 223 304 252 110 372 364 319 267 384 413 437 461 329 469 388 33 333 243 284 186 399 132 263 26 176 165 427 327 311 486 386 211 392 228 36 472 397 343 491 75 48 203 271 76 233 180 215 309 23 131 288 394 304 419 344 132 414 488 414 300 192 147 420 431 45 298 385 76 499 349 496 365 207 422 373 145 4 20 82 110 317 286 485 403 471 322 56
215
91 476 216 332 260 225 263 243 123 119 71 456 300 251 156 173 212 328 45 486 423 146 482 78 476 155 98 232 67 208 58 190 67 116 169 339 424 420 433 118 206 142 270 117 406 380 202 387 92 67 389 149 26 373 425 211 132 158 185 138 445 70 189 149 305 136 174 473 347 433 131 113 281 96 419 102 485 192 153 14 282 22 140 155 104 445 69 391 360 332 133 149 16 399 79 178 178 344 265 194 254 87 42 172 244 287 88 389 194 376 175 183 359 158 98 64 277 303 88 87 377 256 162 493 253 275 231 349 465 361 275 125 88 402 261 91 96 33 450 492 249 11 183 106 39 482 395 136 119 314 304 458 271 18 92 170 311 315 437 318 87 350 369 163 122 59 403 286 281 266 206 128 353 141 273 151 213 350 263 135 27 6 324 446 37 322 75 416 479 222 133 129 371 55 345 208 116 469 498 292 382 156 190 53 2 434 25 38 378 90 498 328 428 104 167
170
347 417 363 470 460 164 7 446 286 229 265 128 85 168 93 34 124 261 304 491 486 327 467 374 205 415 496 220 464 491 303 308 246 58 4 273 323 273 463 284 208 471 359 63 141 157 111 252 371 109 47 134 78 343 343 84 275 312 253 51 375 247 219 235 186 350 182 73 356 38 85 48 116 157 121 120 350 95 266 110 162 342 214 445 81 7 345 16 307 46 329 65 354 417 315 114 258 439 377 282 138 446 173 226 470 244 178 412 65 338 217 356 141 382 7 393 353 465 417 102 394 495 116 242 188 131 439 21 195 55 401 388 6 378 11 194 67 462 454 287 205 170 268 357 397 192 421 146 242 332 416 162 304 282 107 297 119 59 227 383 137 166 203 310 87 408 100 447 111 126
157
329 136 268 279 370 390 317 248 412 389 413 448 99 212 372 124 184 444 457 423 249 167 87 25 473 302 274 82 103 214 89 198 394 90 307 23 468 255 344 220 99 458 374 34 475 166 11 93 125 258 80 327 287 437 214 445 305 290 408 158 128 394 21 211 37 484 320 218 412 465 441 293 386 368 414 447 200 123 290 500 313 370 76 383 285 44 451 405 470 252 168 173 379 314 133 104 88 62 337 69 17 239 16 327 422 332 53 405 39 447 309 435 443 191 289 288 151 224 15 147 136 412 344 453 296 4 182 495 341 91 248 496 18 330 94 246 127 85 80 346 375 141 248 316 181 79 456 148 376 388 200 277 438 17 152 44 474
415
2 105 133 327 441 368 466 238 474 74 389 120 406 153 18 118 64 129 229 454 312 360 109 285 81 469 18 303 234 169 95 472 475 486 231 88 426 499 70 66 37 167 100 452 139 425 286 162 61 225 224 261 449 197 350 106 307 262 18 335 164 71 225 85 293 486 177 444 181 191 122 58 437 446 119 390 351 248 228 464 85 288 342 200 424 449 219 452 76 492 51 165 209 140 53 446 191 126 13 491 342 458 70 135 144 429 80 266 239 385 404 392 262 66 227 262 256 358 456 26 359 95 232 369 298 15 119 356 449 416 253 350 7 498 446 321 170 238 117 167 194 48 102 455 27 407 27 196 321 111 420 477 245 339 451 313 286 52 351 226 427 6 178 396 402 258 169 351 141 55 299 205 73 469 122 33 397 27 125 309 228 343 57 325 329 128 26 124 493 287 492 210 30 142 7 334 215 97 12 66 391 166 2 18 123 292 455 145 430 402 410 130 12 212 465 229 19 126 86 216 131 240 480 496 473 138 31 320 328 129 135 214 404 185 301 299 20 377 411 24 233 412 238 246 101 249 365 26 303 365 191 493 109 379 65 253 248 369 205 105 19 413 282 182 402 330 46 467 404 68 220 5 219 1 469 2 387 42 60 191 410 477 405 421 494 156 120 253 195 78 27 394 259 457 85 34 423 112 51 496 76 157 430 297 350 445 467 34 459 55 244 341 219 159 100 485 319 436 405 211 431 343 227 218 217 253 295 439 350 411 137 118 495 385 211 320 165 353 63 233 28 4 227 499 82 205 43 431 274 101 31 448 115 71 274 98 452 473 54 277 344 439 92 322 86 206 386 97 480 163 363 284 271 53 175 330 432 244 311 259 214 216 232 191 256 2 371 114 488 41 48 495 340 240 11 424 431 61 362 60 460 417 437 358 291 118 406 137 280 237 448 29 220 294 126
379
101 208 460 333 277 61 158 22 122 458 388 459 44 71 168 283 8 253 129 188 388 259 288 134 414 242 234 56 2 97 418 418 282 361 19 347 432 122 347 121 250 301 289 24 365 106 220 279 376 377 217 261 486 57 115 206 167 385 453 180 499 303 432 361 439 465 193 310 492 222 433 233 133 77 251 202 296 184 286 403 361 55 284 358 10 234 29 347 218 157 160 266 275 106 147 498 257 88 434 127 193 382 386 206 186 158 10 370 367 340 485 180 70 193 381 246 275 72 296 457 291 78 77 470 358 80 361 294 231 435 394 197 200 303 263 259 138 284 110 463 337 325 95 49 423 258 297 255 25 457 30 379 351 303 498 435 205 352 24 389 206 236 264 241 372 167 240 20 296 260 294 370 127 37 474 84 116 14 56 198 433 67 236 26 13 90 384 98 200 194 441 62 264 92 438 206 193 72 381 294 12 256 43 39 48 159 103 1 158 397 186 221 98 256 1 22 133 222 270 418 153 130 268 466 339 168 310 130 380 133 370 221 414 205 378 209 412 19 350 425 405 103 451 420 352 98 339 130 379 119 126 380 38 95 317 429 407 262 13 237 308 145 474 420 211 480 249 377 388 465 434 388 451 196 386 486 384 112 76 486 268 497 154 259 290 47 483 185 486 472 183 348 49 354 350 348 190 444 148 26 142 293 429 293 474 304 460 64 77 33 429 135 55 440 367 52 274 122 15 345 178 456 191 271 336 255 274 369 147 364 305 237 237 211 61 453 229 191 449 126 47 83 234 297 345 364 441 315 476 134 354 155 91 280 415 105 59 24 374 254 190 306 378 41 390 179 411 356 248 417 329 399 34 429 411 295 285 250 360
365
155 188 450 308 447 267 197 207 113 285 166 451 276 433 372 299 55 373 143 360 144 106 312 367 475 419 304 398 67 444 40 129 420 32 483 367 212 109 154 456 243 414 285 13 369 240 187 126 75 185 344 468 36 19 149 75 233 153 72 478 231 359 436 144 81 398 147 269 233 134 102 25 163 467 185 400 243 325 31 395 222 420 420 86 125 246 25 55 369 179 32 349 58 240 473 93 409 235 92 393 63 162 165 74 12 484 8 479 256 347 80 2 233 400 161 299 457 409 164 130 334 261 352 434 175 161 79 115 336 437 19 492 173 417 130 90 91 185 215 27 271 66 477 402 235 131 248 26 322 30 258 149 312 344 284 59 486 336 418 447 187 386 17 225 471 187 94 49 430 42 385 459 37 74 176 272 52 331 177 168 87 431 3 483 379 390 272 497 244 235 390 277 285 140 59 393 17 360 121 184 187 440 488 64 4 296 291 383 437 170 368 192 433 298 63 261 308 8 39 355 476 468 398 352 78 477 476 472 112 120 475 287 214 13 110 74 10 486 247 192 301 298 324 279 351 117 141 403 30 59 2 186 254 242 84 176 211 424 214 273 403 287 496 405 57 346 192 92 167 269 167 250 56 317 439 212 341 239 374 352 173 117 161 413 462 25 90 315 23 188 75 89 314 478 456 111 158 204 26 362 130 65 413 366 203 42 419 452 252 80 438 308 294 440 100 101 65 224 261 50 14 159 245 47 350 175 130 1 189 138 292 73 135 395 383 336 473 5 165 331 475 156 245 497 376 34 95 257 302 241 17 228 112 244 265 452 290 427 31 462 212 307 58 481 194
347
446 15 258 186 393 124 482 315 406 200 99 53 237 494 226 379 405 447 442 263 294 479 227 115 443 370 221 429 207 321 400 197 170 16 146 281 206 211 485 5 75 192 36 204 8 100 200 470 86 99 55 288 382 249 331 485 118 394 171 131 280 434 388 137 199 242 154 434 62 114 313 470 138 267 222 303 202 2 132 483 117 333 164 71 159 254 52 351 312 494 411 256 437 68 338 315 340 354 225 41 35 62 69 90 220 245 121 221 76 1 474 448 360 89 408 348 414 125 417 356 248 117 252 98 422 378 242 178 443 303 464 410 90 394 438 41 145 7 89 208 165 72 295 230 111 294 159 35 251 402 463 207 155 4 130 200 135 392 173 5 90 30 170 101 43 316 110 100 313 421 447 299 431 100 134 293 476 436 413 32 430 35 341 18 33 418 482 18 291 83 211 446 66 34 339 86 62 248 127 141 287 110 442 174 416 108 380 166 489 261 95 224 63 341 211 428 82 380 134 28 300 259 282 176 463 340 91 358 202 447 305 373 404 26 251 33 54 493 463 475 228 303 360 137 149 87 314 177 274 238 77 82 348 439 92 275 73 192 315 319 140 381 39 301 272 343 477 489 127 326 397 450 467 86 488 321 273 371 432 337 48 23 28 89 316 248 424 351 423 197 254 359 405 121 268 63 199 290 152 136 307 321 470 381 22 195 224 270 175 237 164 348 350 131 101 99 399 485 339 380 314 380 80 80 410 380 479 133 265 358 468 19 352 95 12 162 411 201 471 162 179 370 147 178 358 179 103
332
451 91 207 402 282 128 466 36 158 45 233 278 249 57 82 434 404 178 205 247 153 237 329 191 461 362 335 431 25 307 2 492 174 378 215 326 331 318 207 493 36 413 372 133 473 423 309 90 497 434 236 462 39 191 59 467 388 176 223 276 271 214 195 326 357 333 124 122 237 349 259 437 51 151 48 168 455 285 393 409 477 206 142 426 294 474 384 313 109 416 387 479 483 321 309 69 212 352 440 95 243 378 78 31 332 68 491 450 256 227 43 69 117 443 234 395 182 23 152 268 465 400 180 373 322 375 328 119 35 204 282 382 99 121 477 191 359 416 443 343 136 88 90 157 236 233 136 153 203 29 212 126 341 278 33 391 453 113 237 290 242 333 46 485 287 49 500 281 500 50 491 79 126 269 330 244 116 107 285 388 92 245 34 54 52 378 386 63 6 295 375 377 368 54 441 474 64 391 349 381 207 235 268 454 228 425 220 120 315 433 391 48 55 179 21 8 225 401 64 219 349 472 82 159 70 92 486 247 386 166 426 251 319 142 448 132 444 237 179 20 50 292 249 485 102 326 302 124 411 490 130 54 124 221 90 366 124 79 477 38 444 187 254 403 65 352 254 341 15 140 287 396 157 368 228 347 410 278 403 254 247 395 460 95 205 105 60 173 426 286 291 177 239 485 357 29 257 84 251 141 185 131 284 415 324 252 442 382 194 116 275 431 489 37 279 204 170 17 348 204 456 125 114 62 204 421 420 37 327 431 17 425
467
194 375 195 395 445 118 171 140 140 298 473 245 214 50 72 133 336 468 335 349 417 413 224 273 110 18 87 95 160 439 451 477 104 155 335 261 86 260 124 202 13 49 309 278 434 85 223 447 199 134 122 363 122 461 491 387 426 192 484 232 180 253 44 267 430 453 116 7 224 417 486 306 388 31 424 170 4 240 49 431 69 485 105 68 143 384 255 221 262 408 50 300 75 436 93 296 227 220 300 265 315 216 370 110 404 176 444 191 213 184 238 179 131 89 272 229 453 45 312 457 76 332 22 173 32 79 120 488 76 372 368 91 418 61 182 315 262 77 250 394 453 128 78 249 129 443 292 157 467 157 218 473 80 252 389 152 148 50 447 271 116 485 480 125 270 205 432 284 454 289 171 255 291 97 189 438 62 470 351 322 278 474 165 458 205 418 318 120 462 494 493 344 476 332 49 394 282 407 227 191 191 260 482 101 435 158 291 82 223 23 86 42 82 299 177 32 16 48 460 351 351 402 241 145 76 112 397 11 471 7 238 174 246 135 174 382 467 459 436 449 391 148 278 26 482 241 75 86 225 482 417 199 367 78 81 308 91 453 102 12 28 390 239 110 414 253 225 396 408 156 241 346 139 55 261 66 222 458 81 18 175 254 236 446 201 334 392 10 489 412 186 481 18 18 333 379 248 382 290 100 388 22 456 51 330 380 285 110 223 185 448 422 430 330 217 186 489 63 190 395 263 204 391 426 448 134 456 365 91 183 9 498 479 68 94 306 317 453 44 190 45 202 297 203 79 137 339 135 436 468 359 378 161 9 135 438 163 287 144 151 276 279 470 54 357 154 340 164 12 268 220 457 387 102 310 161 234 496 32 167 226 298 43 309 454 168 360 499 219 75 497 95 462 222 209 11 373 453 136 109 82 280 208 220 90 484 5 440 66 154 475 236 378 112 290 110 475 447 417 439 275 441 215 55 30 224 14 271 19 144 296 164 452 106 352 103 402 64 265 116 200 323 29 152 321 282 444 102 276 313 106 211 400 70 330 360 188 462 353 120 196 255 499 287 105 253 212
246
478 335 305 268 355 339 268 413 426 188 449 181 236 155 15 154 337 260 475 74 95 235 142 163 176 359 453 472 282 229 296 397 114 332 371 481 240 39 485 31 170 95 82 442 187 259 108 426 435 53 344 300 8 344 317 428 174 71 1 220 210 166 96 191 247 439 378 307 319 114 188 480 205 238 449 219 326 372 101 105 217 141 234 76 170 211 191 26 11 319 17 463 214 161 284 374 489 48 2 70 383 256 334 279 286 469 27 114 33 439 194 125 348 150 274 208 350 226 94 423 414 343 276 173 337 201 284 168 55 364 323 294 212 282 93 371 113 417 53 468 283 294 231 500 399 94 154 9 339 169 75 469 20 160 82 57 148 7 468 186 106 170 449 310 75 471 354 285 27 21 201 321 41 472 308 134 83 297 204 259 454 282 363 173 373 365 375 61 43 190 120 123 405 27 88 383 104 263 222 169 8 265 141 21 26 198 5 89 20 53 46 9 35 239 132 323 388 367 123 363 101 58 313 65 161 74 316 50 114 295 480 23 175 214 444 115 19 326 315 471 201 80 406 245 213 104
174
130 157 116 199 148 499 79 261 482 454 495 273 80 250 94 163 270 57 207 209 389 324 207 480 314 295 30 339 257 108 439 82 196 413 343 233 67 168 150 201 431 271 18 163 216 412 188 257 152 90 396 174 165 232 353 426 500 109 205 464 38 401 166 194 435 260 389 30 314 29 398 14 88 472 452 59 237 255 230 157 27 349 14 138 432 328 401 59 230 360 419 307 120 260 168 455 152 245 108 155 279 97 307 367 17 362 112 363 390 495 299 314 376 50 68 233 21 487 254 237 163 404 295 151 467 145 258 159 3 21 395 38 359 341 362 339 134 117 430 45 392 105 439 326 335 318 378 423 394 341 172 262 241 468 2 148 82 38 443 241 68 183 262 444 186 21 402 460 474 52 347 439 231 313
135
236 355 417 76 40 353 280 380 192 94 456 287 50 171 218 123 389 206 164 230 6 164 456 267 9 462 160 382 179 399 406 141 108 278 286 339 212 136 482 28 494 403 449 174 405 476 447 394 7 238 376 94 115 397 454 189 445 338 37 99 31 355 161 163 418 330 470 386 167 481 419 467 388 272 131 267 398 442 13 317 411 265 298 302 334 492 349 329 214 498 222 375 61 29 145 409 395 288 456 286 233 133 320 166 274 121 325 447 7 285 266 75 169 309 123 238 489 331 262 42 207 458 395 361 164 155 451 294 409 388 69 113 71 71 169
311
36 294 300 441 81 188 39 49 66 246 146 439 307 260 308 345 32 85 109 57 372 170 195 162 389 181 381 25 403 13 241 93 6 450 463 253 264 109 462 81 332 306 72 449 312 363 425 449 245 369 92 7 245 478 480 53 139 73 495 222 286 445 336 477 500 406 59 164 301 470 187 142 416 371 48 354 360 462 41 494 386 416 211 264 443 290 6 168 216 122 264 214 181 20 280 469 478 62 80 337 70 164 122 197 447 411 291 92 407 416 341 48 176 455 475 263 262 20 426 438 122 241 375 327 38 234 150 219 456 206 85 408 213 159 234 72 303 244 496 106 241 16 337 108 85 65 31 413 258 314 220 151 347 194 424 161 215 15 89 339 95 478 311 362 5 319 211 322 314 114 428 189 250 95 260 97 498 216 472 5 123 93 87 60 57 133 185 394 131 294 455 64 269 173 401 226 285 315 302 163 22 83 63 407 386 185 403 367 52 494 494 71 381 477 288 112 138 62 68 20 269 240 436 94 107 404 407 340 227 20 11 471 153 329 16 142 201 358 45 467 61 72 468 223 352 126 107 415 457 372 357 39 483 26 477 57 150 171 219 357 370 346 401 87 182 458 276 318 312 117 27 336 95 10 370 154 261 167 351 6 62 40 245 65 456 58 10 278 188 362 203 436 318 137 25 279 33 120 470 437 469 276 444 146 400 256 121 295 358 466 316
500
252 466 100 492 436 480 294 472 427 181 331 121 471 45 458 473 78 356 439 281 453 345 417 462 174 342 49 462 496 121 127 369 241 330 161 255 271 442 310 51 358 23 216 428 401 386 301 27 405 93 90 478 145 73 90 43 96 187 317 212 128 273 128 353 492 271 76 103 177 94 133 355 80 66 414 490 208 51 445 492 318 345 44 394 60 480 130 309 61 296 34 448 268 493 222 121 149 479 403 326 130 290 24 421 19 176 316 214 324 133 39 349 69 46 25 247 241 321 229 377 415 329 216 350 70 127 338 312 340 296 299 335 10 152 70 213 206 306 26 53 281 192 23 236 162 181 200 65 66 322 336 290 217 66 18 411 445 21 123 299 142 419 371 239 493 308 152 85 193 259 486 305 479 60 92 492 245 390 73 150 46 245 227 288 475 371 200 434 209 493 90 416 77 164 129 304 392 356 370 127 480 229 78 12 346 340 467 146 254 165 130 388 256 19 130 3 181 495 235 35 205 93 203 357 190 467 189 33 277 127 115 50 283 294 326 98 179 302 391 392 269 386 152 438 338 148 99 264 275 312 199 106 183 145 217 314 401 383 76 242 125 224 72 67 34 352 163 226 372 288 401 81 355 284 174 41 31 67 181 362 145 276 343 120 150 211 180 333 151 53 258 328 209 488 180 476 345 221 356 140 351 75 288 29 58 212 294 248 175 254 210 214 431 268 60 324 250 317 130 464 58 42 38 498 399 227 172 115 312 37 422 396 210 479 101 213 376 374 56 387 174 151 47 198 418 483 113 83 459 265 160 147 496 495 165 468 169 252 35 408 480 326 177 327 307 480 448 304 215 130 145 98 300 171 307 357 176 275 479 500 86 321 125 248 15 415 258 35 54 149 14 10 143 230 416 343 365 401 192 134 273 156 153 334 354 498 166 424 190 78 470 259 233 490 398 333 349 457 114 74 421 164 181 5 11 15 40 171 207 499 221 232 425 51 275 90 306 320 290 333 161 449 305 356 177 315 114 394 17 128 132 237 240 391 59 101 6 63 356 308 455 267 449 53 494 232 419 211 353 25 364 139 3 368 148 64 186 42 231 81 450 289 157 220 78 351 268 275 306 111 45 68 96 198 309 481 254 4 331 279
500
40 371 398 350 95 500 2 433 417 161 12 30 420 405 300 67 39 149 358 497 14 499 342 450 63 264 292 496 288 464 228 341 262 45 23 48 314 73 298 384 157 145 426 120 389 499 64 171 22 102 146 153 250 213 67 401 329 296 31 424 131 113 266 442 323 182 156 127 60 414 197 109 18 411 332 300 148 204 109 454 263 14 95 329 181 323 454 469 235 145 329 458 428 244 447 65 91 67 372 134 490 248 414 274 224 246 325 98 72 459 378 44 303 334 126 224 256 374 295 434 490 112 283 234 462 1 337 408 206 8 132 493 112 475 49 381 235 195 465 26 86 309 359 205 114 230 319 60 311 86 194 248 74 485 452 104 370 401 312 229 43 336 134 184 90 330 443 225 246 289 276 8 38 473 352 229 440 465 412 272 34 50 32 123 399 111 288 136 176 332 94 390 447 176 465 331 172 29 51 237 226 157 175 489 92 80 434 277 261 291 111 440 1 499 36 408 453 58 403 347 220 125 149 82 498 175 374 274 457 357 337 147 343 379 5 323 336 129 260 339 292 449 11 200 139 340 442 13 423 224 142 235 265 485 56 365 84 470 108 105 203 42 345 318 73 94 38 351 173 29 30 240 255 7 441 64 229 354 67 183 198 491 240 445 429 23 172 327 257 257 39 328 284 451 396 410 56 467 11 398 165 96 25 137 104 288 351 296 475 497 38 263 242 303 129 178 410 260 128 424 340 487 235 199 393 93 390 415 471 185 51 430 186 53 32 284 32 373 391 109 129 328 259 428 219 57 438 276 333 88 172 444 431 404 193 154 377 151 37 193 467 460 251 437 305 229 187 235 234 134 441 197 99 120 215 453 261 12 418 337 138 306 292 275 56 10 68 346 474 414 327 168 464 494 93 353 405 395 403 213 144 465 468 437 144 480 201 144 271 149 53 367 153 158 361 137 52 58 248 177 466 346 327 365 118 45 259 332 224 196 403 165 196 21 440 190 413 460 21 476 159 472 488 128 93 189 454 46 454 135 246 196 330 318 149 102 285 165 124 205 420 183 491 213 27 244 485 262 406 254 328 184 31 276 294 327 491 459 299 423 36 274 37 472 126 306 450 336 361 127 457 287 471 317 480 272 313 371 392 179
500
156 317 410 304 114 239 388 303 59 365 446 340 110 25 484 498 499 465 88 477 494 257 380 7 430 29 126 466 89 411 179 128 174 496 53 57 329 252 182 301 330 467 201 380 261 275 463 282 457 206 208 234 392 148 427 476 297 74 87 366 183 457 184 456 421 417 149 412 22 187 67 413 216 161 66 170 335 278 323 361 343 266 149 236 430 487 160 252 31 363 371 396 192 99 133 441 185 177 334 223 317 367 78 186 32 388 23 230 37 222 459 276 34 280 196 91 246 20 223 57 455 457 222 177 145 143 110 413 125 183 40 351 129 1 235 486 38 95 382 50 291 492 446 419 278 196 196 142 500 425 476 201 230 227 20 101 397 284 486 57 77 192 31 356 130 499 7 99 135 310 57 388 312 363 382 302 461 239 364 203 376 342 31 378 227 90 441 28 25 147 243 481 19 431 208 70 285 428 344 398 95 70 255 438 109 307 6 325 382 212 250 356 116 302 377 441 423 236 262 54 433 51 184 340 65 244 265 329 314 52 379 143 133 258 52 198 409 492 310 203 243 231 197 190 187 301 324 289 202 475 357 10 244 476 221 483 471 287 499 436 192 100 460 177 302 302 123 405 37 479 234 78 389 457 185 225 343 495 25 480 87 355 167 2 374 366 322 39 170 457 271 200 456 155 420 270 365 211 210 494 269 291 166 404 35 360 490 56 133 201 457 188 46 38 233 368 301 290 332 326 465 265 307 165 165 301 37 236 191 231 116 407 440 381 479 62 110 423 24 445 92 466 470 442 384 198 425 417 218 315 113 480 69 267 401 379 368 247 309 84 55 461 281 122 178 91 259 247 377 7 227 190 84 462 170 390 349 319 449 460 116 134 210 295 370 296 175 358 173 164 410 370 410 74 442 284 332 499 275 313 277 486 175 60 427 94 107 68 60 463 108 83 273 133 151 414 91 263 391 157 175 384 270 37 80 488 201 113 78 73 12 194 389 275 240 95 263 389 319 95 314 240 1 300 225 398 413 332 169 124 68 498 31 204 263 187 260 234 459 261 79 475 204 447 203 102 395 35 492 339 253 249 11 33 134 168 33 173 150 434 411 415 362 175 384 311 215 2 127 352 484 383 292 299 269 284 112 44 210 391
500
133 108 120 494 343 38 211 49 128 308 224 498 181 492 185 439 321 165 19 424 463 377 141 197 65 301 1 386 184 322 412 352 350 302 457 211 141 345 493 344 133 205 289 322 45 48 491 387 315 137 162 72 498 300 429 261 219 418 14 433 418 236 351 402 266 430 128 323 15 287 474 87 484 183 375 342 212 413 367 481 32 335 475 398 165 287 148 280 371 147 90 372 455 250 426 417 85 72 84 326 366 428 457 397 135 29 76 498 393 71 15 460 140 179 121 139 485 432 166 39 129 35 422 392 314 266 93 187 208 488 435 391 332 396 179 491 240 211 109 67 380 339 413 357 467 73 118 135 57 433 354 346 187 276 250 125 291 51 350 253 158 458 371 99 439 187 148 72 110 181 42 1 277 399 270 228 342 369 100 169 25 48 90 300 475 313 470 109 263 400 391 150 228 406 473 401 451 361 340 333 290 142 331 159 465 232 305 152 412 99 324 166 78 139 484 26 348 270 98 259 417 247 149 4 332 8 441 158 479 311 467 294 447 176 16 274 403 418 433 466 362 315 433 153 447 165 385 135 323 291 233 393 485 87 96 395 48 157 58 406 411 295 280 498 445 382 60 485 364 138 109 297 498 482 389 370 444 150 109 300 111 164 401 472 476 248 136 232 416 155 34 16 447 139 232 442 76 309 12 341 126 366 27 66 326 46 74 431 425 450 280 216 120 161 172 363 12 390 481 411 171 328 391 340 368 229 280 253 97 219 4 30 87 448 345 412 242 404 458 86 291 289 453 69 382 306 43 75 460 309 6 119 441 178 274 68 229 91 113 476 387 325 92 147 151 326 227 36 140 437 395 495 289 455 457 100 162 500 93 291 261 293 165 301 50 426 251 61 130 275 430 250 23 55 184 428 300 10 75 394 42 204 325 191 408 300 89 43 383 429 60 68 209 70 340 424 251 9 438 58 252 239 162 240 311 286 39 19 64 70 60 269 164 248 346 418 251 312 414 226 397 462 226 101 335 360 420 285 222 42 339 468 86 198 244 62 149 144 38 165 14 216 53 129 416 331 368 255 162 8 471 392 253 184 68 263 251 55 64 363 342 160 113 114 400 271 313 427 201 439 181 97 71 183 431 271 104 392 497 191
